7005 1645 3322 8580
4425 7105
343 2775
5606 4276
2035 8974
9492 2941
3502 3605
6248 3694
3138 8646
2350 9129
3311 8743
7402 3821
9369 9985
2450 5477
7504 3950
1036 554
5132 572
3204 4714
3517 4442
4184 7490
6044 5036
2923 7292
4235 2177
8440 1172
5381 3043
9618 9231
4353 1142
5725 6987
1222 603
7736 358
325 129
6772 8084
7938 8937
7808 2930
400 1534
176 8695
4461 4860
3085 8275
5820 109
9585 7192
1545 1278
95 4460
4332 1804
6201 3989
4846 6217
3491 2913
6706 3826
7164 5915
8264 4839
9354 5298
4368 5509
771 3847
2866 923
4769 9492
8056 7450
1166 1112
1017 544
8813 9047
33 2311
3752 6133
2736 3819
8083 4183
8042 7263
1988 635
7696 7170
10 981
755 4287
2823 6035
506 6248
1593 3408
7035 6708
5932 7396
5050 2379
1895 6162
5012 8116
5882 5952
1086 3220
2562 549
7426 6588
5804 5603
8934 4133
1796 886
7439 185
357 6730
7720 2778
8541 3784
718 343
9098 6027
7886 687
9132 5663
5367 5826
5622 9579
1288 4057
9894 7535
1725 2273
8609 3918
443 5989
4474 2901
4911 5046
9956 4865
2022 5165
8441 2234
9575 2097
5234 743
4122 6534
2663 6738
7455 141
236 3107
8511 2217
9598 3382
290 2822
5005 5447
4168 4622
3340 4728
5869 6196
1116 2840
730 4267
3641 201
7385 3387
4 9190
8823 9150
3412 5190
9610 1870
6463 302
5753 1366
4390 2694
5447 6574
4574 9199
160 2994
8066 4952
8756 505
4874 7926
5418 9823
6008 3188
6499 34
5722 5123
2212 408
4558 1140
9409 9815
5836 2298
8159 3038
8975 4502
1805 8421
7392 4156
9693 4441
41 4391
5321 5051
433 8318
4276 5486
9771 9787
5862 3275
3803 5718
5643 9267
482 5039
2016 3434
9790 345
7157 5767
6793 5718
1529 371
6120 6997
2430 1851
3495 2058
9992 1331
9801 7160
9974 6239
6863 3923
43 6049
6436 4884
9234 3257
8859 2538
7939 2353
2140 6258
4651 9696
7233 9554
8258 4715
6789 3905
9365 2774
7356 4010
9780 1744
5725 4312
9466 3321
5065 5776
6570 5867
301 1108
9331 1909
6483 8271
1512 3582
9057 77
9711 7236
7407 296
4098 247
8902 5258
9450 2958
4557 7268
8692 2426
5104 7490
7532 4546
3071 4618
7288 6363
9687 8783
9394 6124
222 6348
8231 8517
2392 5783
3716 7278
4298 2543
4337 5429
213 9218
4418 9806
6326 3612
1309 3033
2416 6905
6805 8993
739 6965
510 4439
2789 3348
7548 8623
901 7973
24 2554
7027 932
565 8774
3551 1413
8127 2560
3152 2102
4333 3852
200 7481
36 6075
7474 6361
3708 3317
9542 9238
7778 5427
5272 9277
4489 950
4995 5714
4527 2240
9194 1863
2778 5394
3047 2535
9481 1002
8777 4245
5841 8636
2632 6657
4238 5307
3311 1473
1149 4539
4265 6706
3011 7789
3154 5138
3502 4274
6924 7177
7564 7437
7575 2092
4658 8336
4703 4642
3028 4938
6880 2705
4540 5297
3396 9141
2795 8614
5038 9181
7638 3522
4565 9988
7974 2488
8852 4989
2239 7908
9033 5207
4078 1600
6680 8403
1061 539
1999 5902
604 8668
8444 6210
7659 1560
2166 7713
4392 4013
2343 4887
9235 7742
9538 4042
2872 7586
4118 2170
9484 9713
2402 5119
5905 1673
8626 2940
8617 4993
8079 2255
6615 9136
8576 8970
5077 8354
2329 6414
321 1138
596 8226
5565 4145
5971 6335
2061 2638
5530 3475
6421 9829
6417 890
6265 3325
304 5985
2933 9226
9096 9399
5933 87
8272 98
9165 568
8964 4518
5257 7703
1848 8346
9116 4176
9553 1759
5701 2291
878 5978
9462 4604
5834 6785
2718 7686
2704 1752
8049 6343
3481 1095
2041 1197
2293 5478
5873 5872
7170 1492
3673 1012
8217 8717
7981 8071
1774 2089
3771 8545
284 641
8347 3117
9937 1329
4253 1486
7380 1479
7864 7212
6468 8914
4222 752
6304 7919
1882 4075
5886 9828
5121 9386
2305 8449
6386 7116
8804 4646
5912 614
7980 9504
6059 2839
2748 8923
1260 963
1225 4386
8492 5690
3628 6460
4544 9303
4495 7228
1766 3854
206 9696
2658 455
5520 8961
812 1487
4942 7137
2681 2733
5567 7249
9232 6963
2854 1382
8004 7381
6659 919
2850 1499
1336 9430
5758 5844
3904 7083
2620 1576
2879 2057
407 8283
6846 5603
7318 3787
8111 9772
6021 4087
1704 5758
122 6378
7228 7581
6448 3112
9223 4385
7195 9287
6846 1158
9119 6090
3202 4967
7582 7858
4516 1105
9853 3510
6842 948
117 7251
4064 4217
9270 6886
4897 8762
9795 5577
9308 9380
8616 6323
634 9507
2352 8494
4862 1119
1436 5687
6484 1228
584 3143
2190 8162
9571 599
5905 6612
9535 6279
7463 9197
9048 5006
5115 308
4390 8084
1363 3542
6781 3822
6351 1258
7223 5008
8753 1359
8647 5722
9512 4429
767 2835
3633 6126
4696 6735
9190 9196
9672 2695
9844 2336
8860 1437
458 7346
3378 4553
6729 3351
4324 2941
4446 6761
6791 931
938 4562
1845 4545
7964 3813
6767 3034
8430 6213
1372 8989
5611 7655
8893 2167
3870 4086
3978 4015
2398 5786
4550 1406
7981 4093
8992 6160
105 7825
8389 6871
9334 3765
5796 4628
7350 5126
4730 6030
5569 5825
3007 4245
5973 4389
8941 9074
4458 2157
9071 360
2783 2776
8532 5152
12 439
6564 3870
4820 607
2928 605
7823 4500
9654 1846
1858 4265
4816 8743
9355 7947
8445 6572
2779 304
5432 3592
5151 9918
1702 7948
8753 8028
4088 6558
5232 644
4616 6910
8561 859
1210 4962
2897 2402
6421 1472
4734 7095
7215 192
7340 327
1004 4835
4330 1959
2373 9707
5006 2972
8718 4901
8904 4980
1851 9795
412 3096
6613 1214
9649 7906
182 8496
6736 3483
3675 376
3882 3960
8857 8056
2702 1509
607 8425
7024 9253
2227 3272
8271 4908
1904 5589
2140 6308
6057 7916
550 6626
1060 1638
481 6001
543 9434
145 2508
8098 847
8284 1996
5825 1046
4115 662
2199 7395
4372 3425
2770 1159
869 3340
2943 4740
6001 4592
6355 428
7426 5759
9825 7255
2899 7218
7574 6701
965 1173
8279 4516
1154 1380
4988 6274
9082 857
1474 1478
4109 8661
3543 7125
3856 9901
769 7140
3057 5802
3432 5552
6152 7670
3420 2524
2170 8569
8146 6896
3087 5497
6430 3198
5145 8254
4 9488
8352 6668
5658 5143
3118 4877
6318 8765
2215 2700
3399 2997
6449 433
3643 5162
7741 2727
8363 3484
7959 2463
4103 512
2710 4577
8390 8611
2230 344
1979 5601
9896 1280
8788 6388
144 8288
2434 1275
1351 4655
309 9469
5170 5149
446 2653
1853 1267
5457 2418
9891 6520
1529 5888
2565 5145
2432 8540
6486 7707
6534 1870
721 7797
3100 5168
1645 7255
5017 9452
292 7087
2132 3304
2154 4634
5342 7561
4131 5737
6758 962
4887 9560
5710 3376
9751 2900
3823 4999
5855 3893
4789 3644
8120 8438
8748 7372
2048 5278
1008 4598
6250 6005
2126 2803
4387 8224
3733 7931
9803 4870
4409 749
948 5571
6983 1161
2086 9724
5417 8744
3431 18
3596 6398
2297 8488
5183 3715
5885 7969
5513 8852
4728 2159
4712 8881
7434 2906
8988 1526
9167 5892
5196 985
9484 4040
2695 2548
1455 7586
5286 2323
9860 2264
1167 6231
2408 5727
506 5899
3040 17
2045 1833
9357 5556
6020 8789
858 8101
3727 9179
736 3890
9577 7539
4822 2611
6914 8257
5793 2634
2260 8299
2683 3190
8992 2464
992 8481
6473 1706
2400 3088
8485 9149
3847 3362
1628 3927
8019 3905
1690 3353
3859 6106
1586 5969
2687 3628
1408 9797
8813 2248
106 405
7756 3746
9150 6166
6564 3556
7797 2377
1628 2020
6778 7647
5404 427
3691 1460
983 2986
237 1887
944 8907
4439 6576
1603 3022
9776 7364
7072 6675
2893 151
2982 8080
1392 101
4212 5461
7362 4462
6108 9313
1724 1839
9327 3939
564 2259
9936 9948
8814 5826
2011 8218
9461 8849
9306 2573
4563 3542
3779 433
5304 4952
9126 6626
4665 7324
9035 3590
7247 5521
5623 5774
5778 1631
7182 2600
7248 7664
2457 7517
7427 7124
7861 7067
8140 4763
8619 2542
794 1638
898 3820
683 5675
4008 6771
2712 2700
9274 3240
3224 6345
2700 3292
202 6236
2440 7829
1667 6706
5325 6898
1085 6262
3005 8180
7091 2058
8486 9901
8705 6492
2796 5609
4623 1803
5091 103
7622 410
9887 4547
8390 9217
4293 1082
4423 4568
6865 1904
2323 789
875 4087
6313 3999
2735 4421
2670 5828
9680 654
4214 9372
4534 6731
3549 7090
8669 8399
1144 2336
207 1256
6819 777
8508 1868
1968 1923
3756 2522
5193 6581
7578 7916
5616 8708
9296 623
9068 670
7432 1793
729 9232
333 9017
4682 7561
7532 7332
5899 8466
759 9986
582 9618
7268 5536
5491 867
2452 747
2072 7157
5460 7632
1794 6617
1114 4841
7794 8045
9330 474
4903 8413
526 7586
443 9490
7185 4406
4390 6424
6622 6727
5822 7591
7333 5998
1439 3760
5132 8201
8218 6685
9721 3572
3772 2700
7223 8064
6447 2691
9538 7854
9135 285
5083 2168
9091 9681
5092 6000
3681 8045
6356 5647
534 8732
1810 4202
9283 5116
3401 4034
2913 1129
2255 8217
8691 6954
3813 7743
2266 9120
7959 1699
6886 8768
7592 5536
2508 5165
6906 1757
8667 9131
4519 173
328 4073
3037 5039
890 3020
8780 1330
9289 5504
4940 8005
8029 6865
3476 2137
5867 7349
3733 4561
85 4657
8761 1766
1140 6273
1694 4118
8209 1643
5366 3781
6609 2082
7889 4618
3917 8774
6852 9246
339 6628
2409 1382
3827 9586
7506 5643
1688 4769
5889 1318
5398 9957
87 5671
5311 1271
3899 4616
1326 4662
3121 7645
137 1159
1396 5947
8976 8858
8219 7093
496 4487
4222 3456
2247 7379
7938 1554
8766 6051
2430 3440
5754 4047
8382 6651
1995 2217
9306 2645
4874 2236
7919 5677
3507 4764
1244 2668
8190 1559
6667 2829
6549 8795
821 910
5735 6630
3424 7931
3333 2345
5849 5275
2231 9681
1891 6090
2776 4744
3951 6758
9551 5573
2219 8260
6567 8545
9948 7483
6135 5269
3363 7206
9384 9600
6890 6958
3225 7472
916 5364
8793 1374
9312 2529
6386 2644
3445 3826
2873 5153
9891 3446
7608 9908
3278 975
6576 2561
4343 7190
6681 5940
1796 8063
8981 8642
5891 2630
2790 4932
2864 5304
3827 8587
7965 8176
6261 9689
1873 3922
5099 6122
4609 981
5377 9917
9598 9475
6322 5914
381 664
3128 3725
8682 2852
9578 1248
3548 7743
6753 815
1036 7940
2289 4587
9618 9020
1943 5101
4714 6886
688 420
2091 559
1331 814
2685 9063
9044 6415
6307 6875
4551 2200
2175 102
9905 5112
8598 5012
6141 4129
7169 4283
5086 6669
8692 790
299 578
7532 1221
1200 3494
9975 2708
1634 8122
1521 8763
8563 4484
8699 338
4507 4160
3389 88
2411 9516
9115 6830
6503 9702
745 6558
3251 7807
5473 4661
2121 1895
8764 8465
8883 5086
5675 1056
2224 9467
8467 1782
3591 9834
6449 1656
5430 6831
9776 925
3280 8604
8379 782
1462 701
4718 1498
2749 3417
9457 3826
2649 6859
6641 6668
5720 233
1454 9421
8484 2333
7863 2943
1048 7332
3239 6668
3253 9088
1128 6420
8031 4548
1381 3517
3515 7981
7003 8182
367 4177
8306 8807
10 4641
9133 6731
3192 9780
5936 5196
5376 354
2440 947
740 5435
9734 4130
7462 8049
8244 3661
2289 3036
5795 8101
5478 3124
3152 7739
3230 3272
9053 4307
4026 9056
2933 6407
8199 6507
3475 3472
3151 5931
1043 7676
2107 434
2777 8079
8246 2872
719 2318
5932 4644
6517 6973
8846 1032
1253 68
6628 8197
1966 2103
1301 8133
6920 1684
2502 3327
5930 954
4573 4772
509 6357
1993 8118
5993 5044
346 5072
9492 357
2552 6735
8374 9381
2538 5959
7560 7167
5254 3407
6843 4954
3965 8939
6375 3973
3513 1093
5577 4918
6942 9765
7744 1159
4135 160
4980 727
5038 6209
9721 1555
8704 1608
9551 4566
9758 7538
9145 6543
5766 8763
5700 1166
7928 5555
2392 3053
1743 2020
1530 9253
9495 4573
3415 2787
8991 7215
5246 2378
978 6833
2128 9044
3685 5288
6249 2356
9388 1809
4215 5975
1947 9034
9152 8178
4064 6577
3230 8579
7767 1927
8984 3018
4679 468
2060 4131
8193 6763
5575 2543
2291 6767
5564 8933
6634 6655
7481 2640
9305 35
3664 9934
7805 5554
7306 460
5421 5236
8723 2413
3984 6666
4610 9051
7849 9110
4365 3217
3227 2118
4163 2625
6234 1671
3683 5180
3469 219
1544 7408
9095 589
9274 7731
8263 9049
5213 9124
3161 1599
8709 2956
8040 3161
8559 5624
2156 6513
1083 7524
2290 4264
9413 7187
5871 1039
3700 6133
1870 2126
6990 5202
3692 1315
3317 3394
7392 6879
788 8799
3897 5241
55 1627
3408 1206
4585 3072
3112 8059
3023 6956
9135 4019
5117 4831
1176 2086
1859 7223
5349 9079
7253 1035
4608 3507
9264 6725
9843 5164
8232 5277
5725 2284
3627 7049
4209 7785
3778 4665
6453 627
3021 3811
9102 34
6066 9672
6197 8486
2217 5305
5019 3564
3449 4817
7987 9019
7019 9900
1942 7860
3229 7947
9826 7746
1231 6851
392 8068
622 3391
8307 7194
770 4722
6058 3441
1933 4574
7440 9592
527 1356
2947 2926
257 2160
8834 8810
9061 5190
766 3878
2722 8593
7397 5074
3985 1355
8802 9215
9280 8128
7864 8825
6997 7824
2793 8726
8759 4546
7085 2444
2460 2349
7332 1872
5000 6900
7488 9070
8016 1582
9007 5431
2625 4429
4472 2176
7324 984
9456 578
5771 8224
311 2399
3492 4121
5928 2433
9366 107
50 4514
8104 8321
1418 372
1261 5525
74 7084
3866 9731
1199 7698
9120 2432
6200 2568
3352 617
1401 7775
5090 6506
6672 4235
2037 4932
8379 878
972 5055
9703 7909
1531 4493
7327 4304
3011 4099
915 1799
910 2371
6712 6040
7025 2613
3279 1060
7920 3360
9081 8749
8705 2275
9424 1598
1648 7183
8335 6328
7145 9195
6112 8810
27 3289
6167 4627
5105 1896
9556 9253
9701 9602
6865 2718
9794 632
7209 9424
1653 7319
2957 7612
5974 954
9203 9255
5068 5728
2655 5828
5764 4587
4654 1714
6259 7901
6012 3736
6446 8651
5954 6024
3803 9828
9048 9103
5410 6706
1803 1016
9973 8910
4675 9825
6237 8500
2836 9073
4086 6912
9558 9376
9240 3728
3489 5114
4947 5150
6459 1892
4620 3472
2977 3001
1364 6932
3808 6145
1906 100
3844 8362
3925 1639
5854 6853
9911 4828
5477 7758
5064 6938
9650 9534
9092 6578
6784 74
6339 3933
4155 260
247 9911
6395 6500
5933 1673
8460 9304
4691 6690
7167 3985
3067 1196
5451 7601
7873 6635
5202 119
9673 8700
6827 7682
3822 3443
3908 4786
148 3733
9806 7972
5945 3583
8115 4014
5244 9353
920 8237
6368 6172
3067 8374
9770 5664
6466 7896
1126 9183
2201 9703
8731 4036
587 1546
3083 8713
2678 2489
7765 3673
9156 957
6883 9195
8040 9483
3081 1437
2357 8520
5715 6964
3750 3500
5632 8453
7911 8158
6976 6012
3659 965
1532 103
9241 1908
2996 6568
930 6530
6675 8430
472 2694
7016 2109
1490 575
7623 6983
4814 9689
6826 3680
3987 1766
285 7086
5913 4629
801 4519
5513 1753
14 8191
9424 6780
9953 6131
6486 6513
506 5826
1844 7285
6492 1056
6484 3523
6963 7336
534 9993
1197 3969
4138 7851
6116 7475
1623 5910
654 6301
5728 2155
2917 8719
2680 8825
2684 4710
621 1492
496 8301
9183 999
1836 6702
5273 9229
601 2390
7665 3465
3985 5520
555 6044
4052 1573
664 2478
4508 576
5858 4204
97 9688
4368 7773
8376 7659
838 2253
6714 9042
9496 2896
4786 3138
6015 9413
2201 2393
5309 8264
8635 2263
8170 7397
8163 6635
4772 1111
4045 8142
6983 9920
2442 4978
902 2147
2334 7500
852 2941
1551 5412
6750 4942
6023 7659
1257 913
5557 1250
277 2114
5266 7594
5568 7833
1517 6970
9610 1740
2886 9727
8207 8572
2059 9576
453 9807
2236 3868
7079 4701
1541 2368
6712 3223
5512 3228
1373 503
5377 3859
5554 2795
7865 4868
4653 4848
9409 3068
629 5363
7890 9112
54 1823
7205 8178
2883 6446
7206 1450
8676 1688
4171 5576
573 2898
881 2345
2321 8289
5597 9106
6362 9027
4173 5411
706 7190
4922 5604
397 9167
3239 1715
6810 2429
2313 4888
6017 7334
344 4927
3296 3927
5183 3865
8624 2289
4295 1755
3966 7064
747 2339
9766 8783
2749 1027
7650 1793
7472 5692
1523 1602
1052 9509
8449 2455
8765 8144
584 5992
6328 4986
7945 669
5809 2435
3844 308
6787 8417
2895 3167
1637 3333
8420 899
1949 8026
9679 1286
7238 4223
9862 4651
3403 1694
2874 5673
5415 6168
3524 6150
1170 7974
735 5760
4394 9096
2974 314
7182 7342
5006 9055
2797 8355
9964 7719
1088 7550
505 738
8464 9298
8754 2104
5124 3293
7266 4114
9560 8170
4892 618
4892 6744
1997 3663
2597 2659
6505 2852
5052 9365
4103 9895
9217 807
1854 5047
1729 5155
4585 7865
5662 2785
7686 1872
9219 8631
635 1100
1830 8859
754 9012
2449 4387
4162 6052
6358 6301
5121 8429
1044 7652
5686 9099
5194 8859
2886 4317
1439 2219
2384 4404
3584 7027
4955 2107
9058 125
4444 3966
2024 5404
1022 6192
8611 5090
7445 4830
6644 5801
8688 5428
34 6156
6820 8009
7099 8587
6677 359
5744 6317
9660 9611
6475 6349
5427 5422
9431 2055
6994 6233
1857 1154
6404 5640
6629 9493
487 103
1413 8056
7673 5638
3530 6956
4369 7428
207 6945
5007 471
3447 4084
8221 5706
5743 1411
9717 2261
9663 2023
5398 4589
8807 2455
3570 8880
9751 1180
1379 7606
8099 6574
8945 7688
8644 4022
6080 9518
1980 7998
5214 2486
7047 6522
2785 7773
2932 698
9896 5218
9776 8226
440 9390
2657 3083
6830 1074
3385 5488
7677 9027
5565 7401
2372 6873
5138 532
7061 1721
5330 198
280 1664
6808 2912
7541 2284
9670 5797
5947 9053
1284 6161
7829 9872
6133 9555
5031 5561
7191 5006
6132 6491
321 6187
6920 9646
4150 5911
2634 2399
3636 8175
9887 9577
7945 8775
2582 9745
5541 4546
1403 7587
9541 8624
7743 9403
9571 2499
739 5583
5501 1500
4529 324
4065 3789
1342 620
5991 7895
8134 3758
3162 3547
5416 3109
6274 8252
1926 7357
6972 5285
19 2645
3602 8545
6950 1697
8444 7516
75 1650
5172 7051
6897 2135
3645 9562
5511 4156
7433 1962
3753 7645
6412 7645
4424 5993
3207 4634
3128 1319
573 3381
8610 216
1480 1883
6721 5520
6839 9645
2175 8474
7820 6484
8586 6111
6649 3281
9463 6712
2740 7770
9924 5010
1531 2373
6233 5957
4120 956
8489 3810
4388 8756
1077 1790
8441 6681
654 1761
2841 9991
7317 7787
9786 5279
9825 9927
9059 8313
9344 9926
5170 6416
8578 2802
3457 3599
8684 9106
5650 763
1400 5882
1155 8365
4086 9063
5406 6796
7670 9968
2626 7701
3870 2749
452 2136
5224 6252
2547 6305
6898 5806
1612 8563
8639 7971
177 8274
8332 4841
7996 1548
6111 2077
8591 1434
6631 1420
1192 762
4521 2262
643 9376
7300 7469
2546 5829
2350 1320
8375 2432
6558 9344
3865 5593
4270 2592
9725 6115
8885 7132
8463 2828
1971 1078
1590 1793
4158 9017
5505 3803
5060 1785
1784 4635
5163 2235
1262 1170
5425 4348
5924 7012
6465 5564
4989 6766
8212 2997
7164 4038
1695 5076
1876 7388
3799 7814
7404 6222
5879 753
1671 3332
5815 4572
7372 4773
7560 9230
429 2034
1330 8555
690 4537
1208 1450
6363 6407
6089 4823
3580 1160
1853 1466
2107 9983
9909 4395
835 7349
4831 5040
5291 4672
2677 2591
1197 1893
8191 216
9205 8982
2568 5129
2708 3140
4386 7338
6180 2349
1451 997
132 1055
7172 510
1479 4348
2464 7389
4863 3164
8394 3080
7203 6289
3264 6017
1859 8616
252 4470
8215 5872
5617 4598
8592 6723
8757 8967
5596 2570
8215 8486
5898 3834
4907 4235
7500 2166
1112 6849
9428 802
5352 6040
587 9487
7926 6419
9875 8368
5478 7563
2096 6980
2781 4260
5437 2573
1918 4755
5591 3496
1792 2293
4949 9908
7182 3369
1381 9028
8517 9693
7504 3403
5041 7412
520 9577
4010 9104
8797 2338
9091 7227
7091 652
6389 8917
1052 647
8797 4926
248 6356
1258 5931
9010 3059
1091 679
2305 4557
5037 847
9850 5785
58 8693
1939 5369
3739 5860
8562 2813
5958 3252
4405 4564
5201 4297
3518 8265
2316 733
230 3591
9445 1148
2145 9109
8402 7460
8485 3331
6799 4240
7300 8244
7376 1306
593 7696
6977 5683
6908 2937
6364 7434
398 8005
1526 4445
7858 6794
7160 4040
2240 4304
616 6259
6340 8910
6547 2829
6966 6278
7375 5230
6014 1717
5952 6160
7187 3895
3703 5822
1287 6633
3825 7293
7227 2010
749 4140
7583 3956
9602 1691
6170 2758
1999 2995
7627 1117
4965 1683
1148 4148
8716 629
5562 1133
1419 8680
2052 5365
7257 3962
3091 1337
2753 5607
478 3323
9032 4329
8161 2407
5246 3009
6675 5684
9060 3255
9718 2956
8532 6070
8929 2019
4673 7138
7916 3196
1731 6094
591 2068
2087 2217
6699 5640
8599 4833
5 6392
2517 4304
2085 635
3522 8741
8902 5707
3953 9878
2073 8163
8962 9095
6833 1186
5032 1071
6664 5614
7690 7282
1592 2937
3738 6092
319 3028
6310 1035
7084 4226
3249 3325
439 4228
3985 8294
8497 5932
8236 2209
9242 1852
4021 2427
3105 2992
5384 5512
607 7528
8169 4391
8701 5235
2712 9147
6897 7429
8422 5873
9396 2917
2794 7846
4913 5636
8656 2604
7201 6738
2573 731
7378 5480
8039 9739
8916 1310
2986 7327
7644 797
428 9555
6057 8858
4623 5203
1515 4837
1396 1067
7509 2362
2812 6324
9058 6175
7514 7468
4335 2779
8310 3868
4955 7437
7013 3221
7196 2973
230 5586
4443 1095
8229 8599
2489 3238
1788 6055
1013 3452
1088 2363
5341 1506
3222 5016
2668 1714
680 2741
3796 5517
2991 4864
2486 6559
4600 8620
1845 1402
8007 8542
4607 5810
6624 6414
4132 4213
3835 5819
4387 1458
6455 882
1691 5947
8526 3448
4214 1996
552 5481
2292 7489
1790 8925
8103 3365
6112 5929
8638 3167
4210 9610
5445 2545
7756 9531
4881 6808
884 8454
7879 4860
8354 2337
9062 2109
3173 6539
8033 1151
4406 9848
850 2526
6250 7117
4019 7699
8310 766
8100 7905
7181 1219
7248 6845
5437 9145
8190 8994
8567 7406
1112 2097
7602 7431
9135 9452
9862 5994
191 9573
7896 7487
8761 4361
8760 2918
6295 639
5511 7182
8497 117
354 9973
7679 7134
5089 2216
6671 4028
8348 9038
2583 6999
8735 8752
4924 8818
7981 4567
7836 2315
575 8527
9 9693
2458 2886
8085 2518
2849 7551
3483 1385
8909 995
1743 7628
9752 2001
4363 7646
9323 6163
1224 8857
4903 1762
5625 8
7994 7477
2657 944
9345 6181
9542 1826
9964 7985
4675 2202
4131 4152
1179 796
5555 1198
8089 7740
7008 7295
9065 5980
204 190
2992 4411
7302 1151
4790 696
7261 8077
4524 5371
4894 2538
2039 2727
1453 9916
7664 1766
7325 2161
3514 5170
4984 427
3302 3705
3672 7885
2999 698
8411 6676
740 9154
3189 5130
4523 8812
3195 3979
4941 6054
9628 5807
5902 3016
9158 5362
6287 7091
9631 7298
8655 8042
6676 7821
9427 6875
7849 1085
7024 9375
5077 3825
6959 8217
1798 2885
9538 6322
5393 8852
8571 3346
7220 7459
5542 9177
4525 285
4546 8309
1597 5907
1066 1112
8021 2697
2478 5367
5703 7648
962 2110
6955 5565
977 5802
8847 7684
1217 6273
5824 9964
1698 779
8727 5309
822 9216
2279 249
2350 7564
6538 8714
7777 9170
2758 5846
196 9101
406 4170
618 7744
7889 6461
6390 1654
6482 9739
329 6840
9067 8272
2485 1633
4208 287
2385 2712
1874 3262
3087 5453
5298 3397
5571 8240
7787 1806
3043 3000
7488 2116
5867 1653
9345 3954
2889 2266
8918 9167
2733 2539
9919 5509
8496 8265
6229 6144
4961 2471
3461 7484
7226 7143
1082 5165
2445 4492
889 8150
3867 4675
6695 7329
9352 6950
2405 831
2287 254
7397 118
3793 2707
528 548
5533 9788
4900 7305
2011 1642
6845 572
9538 3
4890 8723
571 4180
1508 8397
1377 767
5300 8058
5843 2590
6157 1545
5860 5397
3857 4706
5073 3342
3690 4518
6615 534
9631 2657
9591 3583
6138 2224
7830 6123
7790 9348
2060 3682
260 8106
8746 8999
8741 3025
7407 2470
4704 2943
3631 3354
1445 6614
7785 2138
5498 6196
6313 371
2107 36
4549 8851
8806 7793
4628 3075
228 9720
4800 6809
9485 2177
5136 5750
5960 6074
4601 664
7111 4145
5830 6688
9026 6236
2138 9524
4439 5691
625 1594
3035 1689
1574 224
3557 9894
193 948
8397 4332
2242 4984
8142 6821
3869 9268
1477 2034
6178 9424
1594 5648
3259 7962
4206 7860
9824 2569
5655 5104
8636 4536
9094 3205
3774 7795
602 4912
2193 6065
5880 3652
2267 2779
1903 846
8545 2204
2366 2870
8047 2404
9513 1201
9999 7386
8429 3612
6017 5696
70 7623
5293 3292
5695 7705
5889 4936
3047 6073
8665 6564
9841 112
3543 7941
3380 480
6059 3359
9315 7620
203 2784
7056 6231
5023 7893
3206 6387
9366 6990
8894 6496
5995 8257
8359 8974
7083 4197
4956 3608
9156 6293
4204 1482
2563 9400
7658 2057
4006 7948
7553 2658
6381 2449
7420 2508
6236 9464
2681 7996
1730 6660
6706 1674
7670 3345
4116 5286
9582 4405
3396 1861
8402 5706
8463 3909
8580 5574
3668 5622
234 1148
2380 1417
9437 6236
114 3546
836 5851
2738 7619
1516 6960
1878 2496
9586 2530
3812 9217
5284 2371
2475 9600
4551 5692
4255 675
3986 3510
3928 661
5795 7059
7761 581
4279 5289
2237 1433
3230 570
4449 3731
1667 5777
345 1442
3827 5967
4323 6049
1761 4450
338 7863
8673 2780
6866 3745
1980 9438
9560 7326
1922 2076
1824 4456
9198 1296
8216 4297
292 2378
5987 4713
7922 8744
7932 8774
5347 2813
6847 8018
9187 7878
8900 1344
6721 9898
1908 1499
8423 8492
9453 3792
1010 7123
1808 9591
3953 5888
2243 2530
7750 25
5756 9383
8463 5624
9940 9929
4847 8091
8398 9167
2590 1541
8138 4044
3176 479
7735 9300
9388 6717
5874 1800
2925 2194
3703 799
6935 8341
4820 9458
570 4317
268 9161
2121 9517
2880 1097
9957 1979
6651 331
94 285
1201 9469
8984 7764
6414 3474
8153 2942
3142 1032
4151 3955
6457 6268
1920 9141
2993 6505
3270 8939
8597 8273
1272 8977
1922 3659
7598 6637
9342 7409
66 5542
1706 2640
993 4234
1815 9171
1927 1346
1304 7627
1174 9236
5010 8165
3059 6612
9176 816
8986 145
7060 1154
1688 2927
8196 7
5841 2755
5875 1515
3600 5732
966 8608
2249 3817
5275 7686
7326 3821
4578 1923
7634 970
7098 2036
3967 3756
599 986
7461 8525
8423 9920
8482 552
951 8065
6037 1808
3329 9171
5471 9789
4027 5441
8270 6401
5916 9242
1336 1490
3490 5164
5566 5136
3519 718
5828 6160
6039 2085
2155 4889
4054 5074
7309 1045
126 1697
2865 7209
1648 5518
491 5407
6452 7845
6942 1657
3765 7565
7839 1357
9649 5970
5035 3258
4354 3345
7032 233
2237 9876
5768 1244
7015 581
5734 8953
8132 7224
6275 4219
6376 4127
9841 7972
4673 159
8683 5674
3775 4171
2394 8473
4245 797
5239 8083
39 4051
6691 6780
4664 2631
4972 1771
9749 9246
8391 5871
2110 7989
3525 6540
1290 3620
4981 5522
6128 7062
8585 4194
4661 1358
6458 8065
7482 7294
6998 6218
5341 7651
8913 4081
533 9494
9555 3745
9155 8070
8222 5426
1768 2812
3563 5785
646 5853
7183 625
5816 9717
1954 2976
5465 2496
2118 3305
6172 6906
4289 2455
2248 2173
529 4459
9075 9444
6007 1796
4064 1236
6366 8058
8839 3158
2426 1849
7795 672
7419 1628
110 6373
401 5623
5696 5937
8615 8037
7375 6249
7572 2248
3780 5767
3178 9594
2282 9103
6709 1202
9846 5387
6560 4580
3350 3896
4137 2307
69 269
5510 5500
9487 2661
2344 5874
1772 4906
8763 3138
828 7969
4420 7815
3664 4118
4277 3071
9980 2832
9566 8691
3962 6216
1781 4723
9812 5820
2272 1799
1799 6308
7967 7106
739 2071
2760 1119
3422 7303
7822 7376
340 3571
373 1877
967 8745
916 9232
9618 1065
2326 7237
703 6818
1537 3271
880 7621
6062 5951
2633 6963
1339 4520
1 7314
7076 1592
1358 3158
9649 2677
5009 2189
8351 391
5843 9904
3756 1067
4903 3040
2180 733
3981 730
6403 3920
534 9489
238 5801
1240 1871
4743 3376
2232 5852
1875 3652
1669 9324
7873 6460
1416 9649
2228 8513
8467 1145
7428 976
3865 4995
1047 9592
4783 605
539 9271
911 3155
1057 1868
2919 3847
1436 3138
7446 4975
8159 9990
8028 103
9397 5579
5166 5720
9317 4331
8501 7889
5453 9389
2061 9262
1936 6245
823 5150
8593 1627
5313 2603
2741 8513
8267 6005
3540 7568
8213 9089
1066 3491
2986 7437
2947 3761
5597 5468
4426 9062
1288 6207
769 3021
7702 1667
9807 3656
1911 5190
2314 2295
6382 6532
4677 5425
7361 883
7312 9161
2179 1748
6117 9412
6823 1961
6402 4623
6315 8174
648 5355
724 9530
338 9105
1833 9720
811 6599
6197 9883
5657 3023
6775 8771
7109 6454
2760 7522
6399 4713
8156 5264
6882 9539
90 1357
6198 5740
5265 5183
7341 3736
4542 6959
1571 6851
6193 5571
3591 7641
71 712
2963 2295
6091 3094
2637 8052
4851 9948
1863 8792
1775 5934
7199 5459
2648 799
9015 476
3522 5071
1334 1014
2542 1920
8480 9815
7200 258
260 7188
3931 8757
4641 7443
2301 4586
3448 6995
8720 8146
888 5316
3320 8548
1961 8608
9760 6111
4203 5394
6556 3114
4119 5000
9378 1949
9753 4170
4614 2821
852 4593
9687 4674
4861 3017
1292 9755
3158 8061
7350 2020
1755 5376
4182 6017
7693 3993
9958 9872
54 1088
6055 4866
632 816
4638 9641
8064 351
4832 9277
2380 5898
7294 6295
5628 8646
3686 8944
7315 4
2952 6141
8043 4536
1358 8743
818 3360
4256 5759
4212 4741
2766 9763
8538 4820
4041 4045
8378 1651
1691 2807
3228 8073
9639 5857
8082 7886
388 9046
307 1013
2557 50
8136 9913
6823 6096
9457 5894
8823 4703
6095 9072
5065 7639
3132 7530
7757 808
4604 9641
565 5663
8313 144
2913 9970
4897 5501
661 2931
2972 5209
5452 3198
2184 2716
1626 8624
7997 7945
4587 2483
2828 6987
6712 4155
3007 2000
2725 551
129 9580
4442 665
448 6893
1737 7991
6999 6853
1199 3955
5233 5891
1731 886
3620 1867
5454 415
5904 9132
2811 6659
5053 8082
2835 1325
3432 8757
6962 2896
2776 110
2802 3391
767 4787
2750 5290
979 3634
1624 1143
6746 631
7250 6936
5255 5825
535 1140
6545 2309
4646 996
6769 7782
5612 2365
4058 411
4559 8242
9891 8302
1179 5123
3089 8339
119 8832
9116 163
9436 2269
7508 1667
9913 4421
831 5898
6069 7606
8222 5821
6351 467
5463 1805
6622 2984
9174 384
1232 567
9075 3382
1252 8443
9452 2126
3847 6915
5706 1702
2023 6382
2872 2376
3488 5101
7868 1190
1534 8160
4341 6952
19 4069
1951 712
9659 1284
1717 7134
9658 8732
8931 8869
3194 4125
415 1470
4968 8705
2051 9153
1900 6519
3797 9969
7594 3086
8317 1520
5115 7983
8850 3072
6225 2122
3362 7182
6492 8740
2467 2562
5198 8572
2044 3291
7450 4003
9182 9362
4686 6398
6221 2828
6109 5188
5052 3500
272 1982
3117 6573
2966 196
2018 1674
9882 5859
2643 1071
762 3233
4977 6228
6237 9488
3955 3327
4475 506
2518 3590
3904 8954
6834 8717
1761 6021
6963 1037
7070 9862
6909 4510
5622 5894
9596 5001
6553 369
3408 1591
1360 8110
8600 1453
1421 9993
6591 6620
1232 1724
9024 9766
9463 9527
2668 4012
3362 3301
9912 3861
8896 1605
4000 900
6323 467
605 343
9892 8953
6773 4106
7097 926
2230 5793
354 5381
7296 1768
9430 342
9804 5346
837 7143
5046 6095
3225 5583
1639 3252
456 9547
2695 9754
4109 7699
5129 953
9387 6247
6728 2278
4950 4918
2669 8537
7296 6874
3658 7980
6004 8144
4431 8553
1801 8654
62 9179
5421 4510
7118 4308
7314 3520
3649 7549
8230 2475
1684 2654
251 6342
2380 3182
3613 7525
395 5919
4474 6508
8798 6351
1925 3658
7247 2311
5116 4142
7953 5454
7637 5950
5532 4876
9129 2419
4964 1429
1268 5119
306 4820
5190 1004
7728 9662
5763 1248
4939 4275
8259 4142
4705 8912
5711 767
2383 3655
6273 1337
2433 4088
4522 6229
5017 4301
810 7503
4053 1194
2561 8965
4650 9354
6201 3977
1161 920
5930 7585
6548 3867
9202 3678
7195 3494
1245 6619
9165 8362
35 1309
5156 9930
2686 6218
298 8960
5986 3427
8851 8259
7195 3745
1713 9294
9492 5350
2710 1733
9605 1462
7725 8687
4789 8565
4886 843
9034 1522
3056 4190
8338 5691
1158 1252
3808 4719
6668 9983
3679 2200
4934 2503
8733 8288
6672 5456
1964 7900
4002 5894
3909 7431
8756 8572
3583 6468
5141 4121
1331 9454
9926 4463
370 4661
9921 1503
2586 461
5485 4772
8682 2726
8054 7405
6528 5222
9953 6501
1892 9429
8879 1133
7520 7161
281 907
6935 2586
7668 7339
9578 2547
8651 4224
2274 470
2132 4072
8367 5169
2869 1503
2415 9230
7212 1182
9376 1350
2043 8361
6514 8640
2228 1901
575 8792
6943 3208
4380 9013
4568 0
2792 8145
5193 6134
4075 3830
5130 6058
3089 5881
8133 6723
6560 7375
8717 8290
9949 9098
1530 5584
542 9306
824 938
318 6749
3648 3482
3527 8923
9692 9353
600 2869
8710 4269
4036 1077
7107 5546
6220 5985
5272 633
506 5505
5341 3199
74 8652
3259 5281
7483 8984
9458 3486
7320 4254
5816 7325
181 1648
2531 4166
6189 8780
6122 3690
8664 4448
4253 8871
1991 5984
9364 4556
4034 191
432 4812
1408 449
3407 4874
5663 4410
1869 1615
3410 5224
6948 9781
5261 9781
5365 4571
3453 1105
4443 1725
9382 1650
4535 5626
4398 4387
3290 1499
9620 4901
9451 7129
3822 1003
5917 9732
8241 7657
8502 1779
6910 4506
279 3440
7499 4472
3610 2209
619 4792
1102 2928
5747 8706
5430 9757
5914 7781
475 1276
1119 370
1995 8509
5773 9819
5958 4257
3864 5632
6329 5796
2603 2664
4814 4875
1370 1095
8127 9926
777 1081
880 4827
3798 6523
1381 5115
5573 6160
3818 460
7181 7226
659 6540
2511 1770
7666 7680
8513 9352
8345 4986
8462 5305
325 3083
3892 554
8386 4818
9654 549
498 38
9490 7168
4710 9249
8437 843
8684 7704
1814 5869
8615 5376
2004 8274
2364 9600
3428 446
1412 1424
2736 5893
6364 8492
6197 8298
1223 5019
7773 8999
806 6631
6727 621
7049 5343
7059 8417
9242 7670
668 640
3171 2593
6690 4948
1078 5617
8189 8786
1390 9207
9136 9074
7302 3596
803 6217
3052 139
9619 3665
9930 2815
5063 1984
8648 1383
1224 7021
2540 5011
1204 3742
756 2095
2722 3771
1802 1248
7219 5605
6829 8987
7608 1598
7494 7653
3318 3453
4539 841
5364 9103
8050 7002
710 355
7529 4706
6299 9695
4393 1167
6245 6379
8002 5394
8317 5207
874 7031
4415 1803
2919 4013
6836 942
5207 3464
4489 995
8064 7771
2481 1698
9646 2100
5691 3753
1384 2366
6241 7096
4948 7524
1212 5661
2742 1228
3596 2100
9335 8111
2578 7507
6426 3561
6184 4037
166 9768
5148 4064
217 5304
1630 6621
8686 4547
6733 5902
9702 4564
3822 8507
790 7318
6854 5394
2801 1174
8200 3978
9868 2388
1660 9952
5192 4973
5271 6084
5916 1654
3587 1616
7218 2177
6879 9644
5894 4590
6975 8194
4495 7694
2398 4771
4289 4071
6717 9108
6706 789
1235 8992
1568 1169
4196 7828
3644 1677
1429 3712
9275 648
9985 8048
976 2206
1288 8612
439 7209
9500 8210
4198 5
9483 2174
9990 6888
5663 1121
8256 6163
9378 5126
418 4595
48 6049
7980 9050
6000 4216
3161 3263
8919 3846
7708 4349
3794 2083
2782 8104
8669 9496
1289 3024
4793 1562
1685 2021
7838 6755
6013 308
5456 3112
1270 4859
7629 6381
2157 5239
632 1388
1209 5283
5049 935
1086 5637
4465 5640
3094 3580
8338 151
7494 9881
3836 7393
9801 8485
4363 5958
1212 9244
8202 2853
7806 5807
2576 2849
6720 7412
9925 7543
7472 7280
8287 6005
7975 3857
476 6047
7556 2198
3661 2433
1969 5305
5617 1389
1022 236
6579 3672
875 4673
175 1965
7080 2196
3128 5279
3061 1616
8920 5681
3655 794
2678 213
1593 7831
9418 5944
8008 8315
8402 9014
5583 5769
883 2501
189 1186
1827 6483
833 6252
6667 2798
7104 6321
8924 5779
728 5197
2986 5939
3277 7980
8777 1175
2626 5403
9795 3191
818 635
5663 2559
6271 1161
6382 1311
1312 626
5089 1874
9789 2436
4848 7402
4126 9879
3108 5271
8906 3638
5215 2810
5329 2463
5736 7602
6991 9708
9875 4785
1391 8635
5665 197
588 4108
6527 5942
9939 7613
4466 102
108 1111
6149 841
3132 1375
7048 2746
2294 4523
4285 7179
5420 2852
7230 3807
5425 8779
4319 1604
751 304
483 1153
6770 4650
6813 18
3351 7166
5332 1292
9171 5113
2702 4217
6313 4894
4470 5616
2659 7128
2490 6867
4350 8486
4777 7736
6878 2719
517 1160
3293 2862
9350 9803
628 4996
4071 8481
4561 7030
9395 5128
9191 2992
8007 306
149 3012
7494 530
4308 8703
8945 3622
7813 3615
6803 8284
9872 9077
3139 631
6648 4171
7998 6309
5762 2899
3588 1317
823 5988
1054 5629
7733 7361
7676 1357
478 4470
7586 3865
5225 9986
6851 4590
3917 5727
1989 7013
8192 5787
8609 5483
3890 8763
8480 5019
4994 1698
4544 7250
9424 6177
9706 8319
7648 3315
5889 452
5938 5445
7805 5402
1491 9274
5406 6661
7319 3408
2392 34
909 6575
3124 5036
7379 5571
1739 8970
8881 2657
6363 8780
9926 335
4441 9047
279 8532
6941 601
9838 1537
1074 2747
7981 3207
3992 4615
3356 1818
7699 1586
9305 4509
6341 2848
3053 4670
939 2077
1576 6918
1571 3281
9082 9024
5475 1156
4833 6359
6381 8787
6466 1790
196 9371
5500 377
7054 4172
1578 7123
5613 7062
4957 4777
9474 5416
3993 1592
5993 5609
7592 4864
9024 2919
9966 7793
3664 8956
7731 2836
9782 6997
5437 8912
5119 7514
4313 6970
7348 2676
7615 6766
498 4453
1304 4509
8324 4305
9550 59
7162 3240
365 771
1194 1601
2766 7276
9404 7707
6712 8098
6441 8742
7340 8616
1624 6044
9657 1959
1103 7023
4244 3317
7994 825
4365 4571
1615 5457
9469 9359
9406 7671
5673 6542
6632 4665
7717 3517
4748 7037
7565 9641
5964 9517
325 1756
7112 2688
2884 2279
4647 7590
8956 138
8996 7047
2777 368
7236 8194
5661 3947
8237 7352
8691 8769
3068 798
1984 6959
8326 6139
7210 4065
9458 4602
7353 8476
500 2609
7458 8926
2572 7189
4712 1815
8715 5534
7545 9584
1887 7349
6281 6554
1376 3618
1403 8612
825 1555
8687 6314
703 5925
3952 8508
379 4890
680 4393
9694 4301
9867 4627
736 6734
1374 1047
2639 6876
54 7533
3252 2400
5071 977
9857 656
2689 5840
3199 8740
7650 8945
3921 1143
8222 6647
3237 6204
1435 3825
4854 3151
9889 7586
7481 1654
5818 4641
2243 355
5972 3949
1501 1153
3062 8303
854 2974
8650 9723
2201 4840
1194 954
6650 922
705 9592
8511 4726
7810 6435
5440 6229
2679 100
2510 7484
3496 8203
4838 8047
3596 2843
2768 3701
7444 2768
8081 9919
5793 263
7553 1712
1624 13
1957 8935
936 6558
948 6225
6130 7516
2545 9536
8509 5272
8473 2961
5792 3369
9477 446
4884 4153
1244 8351
8185 2948
3478 7937
1510 8592
8933 7547
8881 3728
4604 2666
8143 3575
6548 6938
7254 8612
1917 6079
298 3232
5192 2172
4294 5120
4126 2423
785 7107
6827 7470
8768 3606
749 7987
3080 3011
4715 7537
8582 4997
654 4781
667 5807
4818 2217
6820 2539
3192 6271
2235 5164
8052 4953
7756 1305
3643 6390
4465 6509
6761 1774
6900 7134
3897 4536
2825 8561
3857 4243
3897 4380
7496 5300
2577 411
1504 8487
301 1909
5603 8245
3915 555
5235 3604
5553 5796
230 1774
9368 8324
3071 2073
8235 8879
7880 3533
1909 281
9391 8259
8682 8949
2374 7855
7667 2752
2375 7345
9801 5155
6088 2556
906 8516
7859 6344
1898 293
8983 7029
8330 2083
4874 5573
1308 5423
7064 3698
2530 7971
6577 20
2518 7343
9563 4965
8181 7379
5936 2801
3421 2885
1973 4212
2236 515
1166 9719
1019 1535
1634 1615
1297 2361
9928 6599
4074 6801
6547 2244
5687 8677
4814 1829
8577 6067
38 3562
8952 2893
8163 4518
4356 6182
3608 5445
109 662
3336 792
4257 7345
2678 994
6337 4961
8722 156
7415 2964
891 1380
832 3692
7114 4743
8070 144
5634 6168
477 7603
766 8125
3372 7115
7259 5115
8753 4482
6489 3412
3464 5754
7987 8341
5998 3819
5491 3616
7344 9881
6147 5988
2002 6782
3686 664
9067 8864
7375 9965
5027 7168
315 6653
6578 4552
7622 9222
7702 3606
1402 2932
6475 7479
7916 5078
5705 8772
8745 4250
4653 2018
8823 595
1455 4778
6123 6589
3429 6594
6048 9889
7107 6524
8384 6296
5439 1333
1763 1446
6197 6268
5913 3737
8479 3215
9512 4523
8866 8607
4959 295
119 3124
5312 3008
8344 9719
5197 1799
8429 1032
5793 1108
7558 1512
5824 9950
9094 1619
9639 4371
7009 7299
8053 8384
6105 5085
2116 8240
5265 1600
7723 4821
1634 5753
9770 3983
1212 5376
7952 5719
6136 9963
3017 5164
475 4804
6179 6966
7390 9562
5429 7247
8968 588
3285 2819
5070 6927
6903 3258
7602 6956
6533 6828
3309 971
9473 1805
1742 1840
8738 3718
3667 3919
8234 7045
4282 2888
7908 1300
8906 5150
849 5703
6170 476
5853 1046
2467 6950
8913 4284
8472 4693
8117 9179
3430 6188
1855 9503
5331 4373
5223 5550
823 1711
3579 5049
2353 6240
8537 2181
9019 5602
4352 2452
6107 829
658 2832
5118 8427
9338 4791
2927 4453
5245 8974
5802 9055
3615 8094
1032 8405
5969 4533
9926 5299
4879 4459
6896 804
8692 6227
8412 6731
5265 2869
341 5665
3072 2600
5529 9023
4384 6903
5035 432
2622 6369
6465 4605
9246 3298
2624 443
1149 613
9633 9819
2525 807
5949 6198
5935 4314
9734 3111
6378 6196
9188 2376
8633 137
5982 1015
2564 2009
4020 9066
9497 9494
2677 8510
7994 2291
1557 5394
3602 7969
5581 4651
3236 521
3139 2264
6650 9331
3087 70
7168 1924
4053 6426
7181 4089
5971 9109
7315 1608
7879 9139
6593 567
321 3030
8130 7439
8204 3644
2757 4340
9508 8409
614 4536
9139 8111
6997 3718
4365 3232
8921 3950
1897 7573
5441 6251
1328 3904
6319 2447
8078 1994
89 6442
8057 2669
200 108
4134 9210
1126 9443
7312 2828
2415 5643
5811 2644
4949 7860
2111 3597
7243 4646
217 2643
8670 2747
7589 1879
6111 4299
7324 309
6261 7514
8319 4172
6478 6470
7911 6889
9583 5154
2105 9478
6637 9068
5157 9797
439 8683
8954 8459
335 4481
4750 5442
6224 5414
3999 7452
2518 2255
3099 6827
2119 7002
6566 4901
7323 1639
6165 8479
9949 5222
4013 2088
2540 739
6005 9601
7589 7792
1439 7427
5344 8864
9974 1779
2763 2876
7948 1064
2471 458
4370 7328
2055 5278
7359 9635
2501 256
2473 8800
2518 475
8509 5113
468 2661
2901 5484
9408 4397
9863 4726
815 5671
1482 3254
7028 4787
2138 4447
3690 5101
6007 9491
851 6684
33 7262
3380 6370
7099 7333
5319 2639
4909 4869
354 4861
1311 101
9974 2463
1655 8073
594 9644
6513 6383
3796 4104
2606 7714
8117 8026
5109 7416
4468 9018
4261 3783
2628 5639
2104 3037
7298 2529
9407 8176
762 6613
2899 2167
3475 2036
4472 1227
3445 7934
8896 1207
171 3649
3466 9275
3763 9384
9215 7292
7529 7492
401 1336
599 7527
7473 4335
359 8618
775 8064
237 8336
5621 7183
1205 439
4239 6081
3553 3882
3971 6533
122 3053
3611 8979
2173 2828
9274 7913
3314 2114
647 3269
6211 1563
1567 5947
4563 136
867 4827
7159 831
970 1834
8027 6282
8070 3324
5145 3134
3738 3646
3521 3867
1214 7546
3915 8493
2161 7531
9343 2861
4750 8123
7689 2351
971 9641
8871 8291
1517 3417
3015 9143
9374 9290
2083 1777
951 5890
4757 5949
2768 179
8375 7000
9748 2344
349 4021
2031 6069
7975 3336
5483 4298
6081 2846
4145 5676
5311 8428
4452 6853
1617 321
631 4377
4492 1924
5462 2138
7542 6271
2773 3394
92 4571
9748 688
2603 8626
9292 4850
6260 5448
5441 9678
3660 5076
3208 9236
7631 5275
579 6328
1497 5915
8562 8053
6369 5371
7852 8425
8558 9892
8527 1704
563 2089
4205 1510
3098 3456
3073 6684
9136 9601
593 6168
4879 952
716 9415
8715 6225
4507 2267
5691 6444
1896 4176
6009 1694
4319 7231
774 867
6291 6367
6921 3737
9115 1571
870 1698
6137 4174
2202 3894
7192 1895
5322 2393
3173 5416
4654 8436
9709 2333
5385 6259
6012 4118
192 28
5501 1403
9136 5841
5910 8268
3310 4225
9247 1141
1837 9145
8545 7017
87 332
65 1797
9252 1
8854 3615
8521 8903
2577 2338
1158 3958
982 661
7725 4996
1379 841
6197 4733
5037 6360
7984 8923
8585 1096
3145 2031
3579 5509
9890 2692
2245 5052
6194 4215
4866 191
1174 1885
2882 233
3263 3571
7110 9351
3243 8586
3416 6840
7766 7703
820 5353
5294 3704
3813 328
1415 7758
470 6489
5324 7067
2447 8465
1713 5929
4466 3510
130 1187
9667 4311
1851 4804
3096 4412
1812 9234
7852 4559
8615 6738
7743 2187
1872 6891
9758 2490
402 4538
8775 3415
1415 6393
4909 6195
1124 8645
7637 7314
4119 9905
6710 6578
8035 6508
3502 490
607 9400
8515 2181
9905 5911
7874 8585
9324 260
6593 4822
6171 1976
3108 5591
2412 6251
2896 5457
9894 6900
3287 3167
1596 538
439 8709
28 1164
4151 5363
3388 9268
1882 1001
6022 6593
3510 5504
8518 6324
6871 864
2051 2815
1143 2143
6797 1118
4166 1784
3612 8044
595 3706
6113 5348
585 9367
5471 9164
8557 8160
6108 1229
1433 6902
93 2107
9569 5818
2741 7392
6939 3570
29 2423
1115 8780
9395 8296
1911 8909
6998 2367
1751 5343
8672 8176
4887 674
6008 4143
32 9353
7766 8710
4755 821
1381 4240
2049 4690
1548 8347
9042 6219
1105 7025
3676 3689
4232 1805
9971 7175
7253 9647
1161 3741
9478 6089
8230 1916
7219 8895
9810 8598
7360 7585
5803 1319
7667 294
7398 5155
6246 7221
7360 8651
3324 5532
4238 1647
4499 1198
6441 4203
4171 2856
2100 8119
7548 1014
1343 5291
6009 132
7471 2653
8536 444
8859 3520
1221 2357
6022 3938
4406 4816
929 31
2286 2510
417 3945
1851 6583
7417 6021
2453 5607
4426 4503
5484 7683
3770 6653
8950 2106
9145 6113
9750 4707
114 2879
6672 717
425 2142
5176 2503
9796 9354
1927 2068
5833 5038
596 7397
3440 9426
2715 1450
200 2929
6017 4355
8035 3537
8587 9368
4987 2299
5671 4816
281 7579
2395 7537
7273 1133
6157 5274
844 9950
5810 5072
2576 3415
1850 8731
6056 1552
8666 9718
3397 8300
4507 7185
6862 2316
2681 6887
3555 5807
7515 7497
3683 7111
1787 8253
2642 3059
124 2306
3268 7441
605 250
7118 945
1779 4620
1687 9855
3311 3434
3633 5952
1418 1980
3071 5210
674 4956
8452 9270
1719 5037
2434 8313
1388 5465
1628 3596
6089 2997
1428 6359
6450 5956
7695 4257
67 5917
537 8061
5200 3700
2496 4080
3863 7731
5692 9806
5181 7432
2384 5168
3854 3998
5721 5567
7815 8804
9556 6314
2992 8090
3766 314
2006 7273
9502 5462
4285 8814
5142 4757
4418 390
4069 8019
2540 8353
4449 3657
9772 1821
8414 8656
612 6260
2505 2451
234 2127
6441 1263
6360 4223
5069 7110
9933 2182
2074 6590
8228 230
5520 6367
2289 7627
749 3463
9929 7702
3026 9462
4354 5899
6541 1170
9675 5109
9701 5746
4767 7050
5227 2158
2373 3879
8396 195
5321 6958
8085 358
6279 7858
5428 9542
6300 2047
6366 2984
5510 9041
2522 2531
9100 6978
6908 461
7682 3898
7435 4824
2480 6327
1823 1178
5002 3362
3993 8410
9231 554
8142 2970
9617 2668
3183 6495
470 6998
4870 7627
8743 6716
235 5725
4528 2695
3057 5394
6971 7934
2513 1423
9523 3260
7878 9951
6035 4250
4539 2937
8053 7956
3753 4956
899 9551
2914 6432
3795 412
9990 683
9027 9807
6081 5763
6092 6097
6649 2306
305 8599
1439 1296
8041 6718
3446 6356
4790 3232
460 6220
2459 1932
9573 786
2963 5278
4825 4977
9781 6625
1599 6558
7944 1829
2395 9716
7179 2114
3858 9937
7601 2233
2632 9454
6517 2457
6915 4181
6105 6558
1642 563
9952 3769
8223 7095
233 5294
2800 813
1271 1672
2525 3679
7000 4880
3351 6211
4322 3730
9176 2675
9373 522
8619 226
9299 118
4269 506
8363 644
8871 3223
4983 1035
6606 4174
3605 5300
9482 1885
9314 3045
8666 5928
9707 8953
2454 1636
9105 704
9858 2374
7381 8966
1190 9429
5150 7997
7795 115
1024 2294
2450 627
2800 9302
8696 5964
8273 9177
2605 9022
4247 7291
3361 6327
1856 2690
518 346
7664 2632
1400 7659
785 6496
5841 6016
9845 7176
9024 5608
7504 9367
860 7019
595 8038
3128 405
256 6490
3363 9928
8099 836
8127 90
5604 4862
7573 2459
7479 7448
2450 8391
893 4791
9841 6303
3460 2679
6119 1096
152 6997
1517 4880
6430 6342
5732 3817
9561 112
89 1174
9269 1472
9559 9949
8369 5751
411 4983
9602 6564
8128 55
6916 2469
6125 5804
8197 6825
6945 7576
370 2266
9775 1102
9319 3246
3659 9262
9129 3756
2897 7367
7359 1276
9122 9421
5231 9891
7933 7708
2267 1135
1493 3587
8868 1461
7964 3961
216 9928
5619 2736
3167 2512
803 7002
1696 8457
630 5123
2092 1149
5853 5845
3667 761
2696 5639
3346 6703
573 8305
8892 9236
5309 9235
772 6188
2233 7857
5282 9697
9046 9201
8137 161
4199 4846
473 2119
7725 6773
9261 2810
5616 1118
5282 5647
9920 8107
8764 2324
614 3512
9355 7313
3844 3930
7203 1568
6229 5507
6224 2772
9840 2394
2102 6652
7708 3506
6561 7850
5165 1227
8978 3799
9044 6081
3619 4190
3952 5124
6268 4125
9093 2957
9082 5534
9846 823
6316 269
7642 8905
5889 2217
548 6488
2969 3221
9015 8630
7939 6413
1546 913
7158 9387
4534 5555
8269 7762
311 3012
7615 1104
9239 2098
3679 6883
3312 6568
6805 6884
7189 6292
208 6260
5337 6760
3251 2555
3112 397
5175 5322
7185 9854
2579 8179
5798 9694
1000 4290
2554 8554
9958 4629
1290 4784
2978 8449
2809 6086
9909 2446
1824 1054
9224 5254
705 898
4050 7773
2304 5713
4650 9913
7837 2292
3919 9385
9519 5499
1084 3617
5568 2515
4329 8635
6333 5578
4969 552
3782 4801
9746 7025
488 2728
3498 6130
630 7324
7473 4900
5644 3226
1986 6841
3903 45
6791 8998
865 3592
8929 7309
5002 6292
6878 9308
6725 589
8920 5126
5928 3497
3991 7503
5967 7624
9424 5109
8793 7788
8755 2195
8026 6183
7972 2342
528 7488
4731 6288
8786 5971
9686 189
5871 2436
2023 4195
5849 4189
9405 41
8404 2346
8971 2146
9234 4483
873 6278
620 1682
204 3076
4837 6734
9283 8818
8320 4535
8780 9236
5857 2631
6340 9956
3810 3802
1631 3530
5601 5229
9259 4603
8383 8714
3791 5679
7212 5825
3107 6045
6614 8452
5668 7104
5766 6609
5351 9136
3153 3204
5875 1313
5409 169
4183 5772
6006 9014
8335 5432
2851 7343
677 5390
2422 5601
4693 6123
2943 3604
1606 2494
1428 2734
2621 7404
6963 9235
4190 7200
8450 2494
377 2396
9354 7945
9193 8213
4530 8018
9672 8197
7490 7674
3193 9271
7775 277
4681 165
1916 9228
6193 9548
1598 3381
9885 2675
7547 6778
8809 6770
4824 1134
6982 357
6965 8280
6036 4476
6408 6479
1592 4924
3931 3408
5004 3753
9540 3350
9629 6685
4553 4024
5284 9222
6301 828
797 5973
8060 6518
666 7751
9209 2901
3372 6355
692 2836
2305 9494
4241 205
3757 5436
7635 1268
5616 8189
8377 6131
3134 4197
7148 2124
2216 799
5849 7760
4055 6137
7483 63
6416 9890
5813 3840
5715 1030
36 8648
3061 6704
1044 135
2444 4348
267 9848
1586 5032
5211 2607
7596 1928
3383 6469
603 7085
684 2572
505 2931
8781 6168
2010 4177
3788 3867
9622 3794
5553 4586
8153 9728
3069 6430
3152 7013
9680 7867
532 6001
6173 9022
925 4875
2467 4487
6506 9344
3237 8630
345 7463
8142 129
7923 4876
8124 8266
560 6400
226 7792
9479 624
4454 7867
8859 6953
3316 3589
7405 2817
2040 4504
6758 9758
5242 7135
1709 9301
7360 278
556 6922
4241 690
1585 2939
8507 8276
8888 1413
7307 4131
5775 8380
9542 301
421 4600
5628 9553
6027 9648
1224 7528
5422 3638
3371 8164
9634 988
6556 1259
9039 9947
7236 2556
6383 3763
6281 5919
8445 5040
4701 5991
5509 7909
8729 8378
215 4941
6714 7109
3672 7807
4250 908
5697 6713
5268 7947
9568 342
8641 7899
4857 6048
5091 5827
1144 6985
3918 6657
8318 9709
1107 987
4947 5233
2018 7512
4909 4992
7948 4693
4274 9446
7586 1232
5697 6327
6859 9669
8495 8334
6350 8103
6398 6801
1134 9460
2817 2902
7233 3230
1023 56
8791 3963
6699 3263
5961 464
4694 7755
3038 4575
2394 3948
3625 5410
8461 3859
129 4817
126 4248
8162 9983
3358 3004
4588 8145
4099 2557
4695 2006
7759 4718
3670 4217
654 3623
4532 2433
366 6394
4974 739
5296 1775
5708 2449
3176 5723
999 8958
2772 2416
3103 6774
1894 8808
605 3695
8675 7815
6365 2137
3059 1031
6816 7675
278 9407
4756 4838
9326 7695
4450 3732
9274 7422
4686 1583
7295 2138
4969 8375
1558 5737
9234 5342
1615 6895
2323 1845
3018 837
3758 2550
29 2837
7680 4265
4958 8033
2171 3768
967 6160
9631 5076
7965 9371
7500 4471
4122 9021
6399 6536
2846 7989
578 7322
1797 1473
6060 3383
7084 2910
1820 8488
3937 1900
3702 6436
9742 421
6624 9262
9967 1201
7408 5398
6105 4157
7377 2243
9395 7851
7723 3996
4438 7221
9703 2039
2259 357
2467 3484
1972 8787
6683 8057
4339 1142
1139 6064
5668 1063
4729 3701
2397 7137
6569 1645
581 5179
1216 7640
4096 3816
3987 9233
5186 7824
4050 6715
2196 1663
4177 9384
7953 3139
7289 1179
4517 9351
1058 4962
3017 1312
6575 8332
3121 4022
1598 7301
652 8058
1458 7079
9141 4827
9388 8155
4800 7450
2870 6515
7092 4423
3868 4005
6885 5344
5747 9257
9847 5390
7127 1229
4121 6253
4622 2784
7241 5655
6111 1163
6225 6749
6063 4137
204 7098
243 3125
3751 9133
6379 7066
6481 4543
7870 8594
7443 2569
1446 7777
8274 2341
7453 5262
930 229
2958 2887
205 6603
914 9145
1338 1706
289 343
8360 9730
3801 9787
5101 2622
5505 714
9011 61
4748 9577
8383 6027
5340 4672
4209 8334
2889 3883
9296 801
3207 9975
4139 7355
2919 7148
8219 7234
5728 4774
4254 7527
233 7713
8768 1658
2675 5652
6836 6739
6250 869
5480 3380
4504 4177
1262 6242
4935 3004
8817 6405
1047 7559
6523 3825
5647 7745
9702 8356
2494 1777
4333 9974
5323 855
5794 7627
5903 2550
5658 7236
7047 2557
4550 2337
4494 759
2851 8741
5885 1977
2298 2724
5957 7848
6480 2674
1190 4942
6010 4930
5950 8479
4244 4473
6536 5506
8057 3648
8383 3635
338 2385
7345 1581
9358 8490
3008 4185
9330 4888
4893 960
2471 517
9478 1608
4016 7475
4375 3119
6436 960
6539 727
1286 8567
8313 76
5800 8988
2701 9202
358 2249
1638 9912
5378 4376
8489 7990
9665 7004
5611 1121
36 4989
6008 3726
4994 4927
1489 582
9273 5263
7199 9377
5845 6617
295 790
177 2932
8384 342
2186 5691
602 221
8878 9566
6230 9640
8985 6385
3453 9432
5349 5417
691 6296
2559 4586
5081 873
7498 2119
9929 5094
5050 2261
4067 8761
4081 7699
7813 6733
8619 5269
8935 4345
4387 5786
4847 5428
8697 1848
1596 2888
1810 7766
4028 427
5926 3998
8231 5590
7850 7511
2843 67
5762 5507
5171 6617
5499 7468
5559 1286
8571 6720
812 79
6482 6345
1908 6773
9739 9652
2175 5649
523 7040
3284 7283
8232 3639
2835 82
9467 2222
8882 1107
2425 8867
8583 8879
615 8229
9929 1228
6289 310
4316 5089
6954 3948
3945 9580
2089 1458
5850 8197
5336 7193
9544 8721
2223 7887
8385 1860
4633 5477
1818 6348
7837 9704
7654 7614
7762 3029
6157 1509
9723 947
9360 212
2724 8194
329 4283
9694 3254
7992 8009
6372 684
5771 5231
9323 9862
6656 2727
9844 8069
6594 812
8492 7967
7252 7249
6294 6330
1818 9060
5300 4340
8474 4388
7833 9331
5996 4029
7557 4101
2165 1379
7484 3808
9976 7152
3933 2422
8291 7900
6373 3429
1665 1654
4352 8548
1720 4757
941 3080
7989 3363
1436 8932
2709 2031
2210 1382
7398 9992
3865 2627
5170 5742
5903 5215
3327 4683
7990 100
3315 3872
8039 3917
2686 1870
2675 6820
35 9284
7611 1239
3087 4477
6112 8801
9942 8552
1098 7945
4941 2550
5024 8299
4034 3746
8259 5923
5750 9137
5221 7036
6766 841
9764 4116
5324 7518
6245 839
9356 5390
1347 8113
2380 2626
9539 693
9629 7101
5272 4774
3585 44
5158 765
8848 9740
9883 8940
3610 6751
1069 898
4063 575
4472 2245
4712 1995
3477 2424
2307 259
8589 9551
1203 6910
5918 1407
4206 7566
6293 8649
3864 446
3451 6722
5683 8999
5268 5584
7635 7304
7228 2604
4321 448
4049 1805
8154 7294
5980 7633
3624 2848
2467 3325
1455 5607
9562 1937
3821 8475
4733 6044
457 2419
7033 3617
7124 7749
6562 5713
6726 7892
4789 5002
3031 5985
5230 754
2860 4113
3253 6912
1585 8659
5025 1016
7978 125
5267 76
9437 3331
1763 9159
2570 1183
2146 1901
3415 432
4680 404
731 267
906 5731
8059 7465
294 5470
377 8807
9076 9708
5222 7821
4459 1798
7394 6017
5638 6998
2482 6486
6276 3395
6129 5629
2431 1847
3838 3328
7339 2428
9432 2848
6180 1317
7752 9293
2957 513
9830 9797
9699 629
4255 2054
3936 4749
6724 348
4507 7397
4794 7681
7921 4245
3991 7511
9602 2429
5033 8447
1631 7048
1467 6647
275 2373
1640 3142
4045 8100
3059 5124
7168 2685
6787 5646
9140 4074
1692 7682
5123 3489
8820 9941
7634 1750
4927 1935
7325 241
9691 527
5480 1383
8165 2650
9162 7607
1779 1563
3108 3581
6303 6407
4337 9669
513 5235
7458 8345
8371 5527
736 7351
3324 8141
8228 1525
9013 8525
7446 9705
5816 3803
8408 2532
9643 5784
4520 4137
6484 1533
2295 129
4573 1541
7186 2413
5603 7964
1236 9691
4477 8980
1870 4163
9791 8129
8059 23
4421 7636
8593 3254
4116 3403
7765 2499
7998 1805
26 4728
715 3320
1861 6837
3232 607
2777 1782
955 5815
5921 1049
7288 7755
5227 6835
1933 4245
2740 1514
7725 4496
9715 8847
2939 9041
6012 1170
3776 4687
4414 3798
7938 6508
8975 1156
7119 5032
930 9184
5352 6276
9068 8606
1714 7544
5965 6361
8175 929
565 3752
9065 8511
7003 6219
3605 3013
3897 4191
4594 1606
8006 6267
1400 2123
3110 780
8779 4071
9716 6900
3314 3556
6162 1448
5427 1108
7132 5395
3075 9651
2995 2847
4121 662
4732 9426
9504 2756
7550 4106
1134 6738
4590 3745
8270 2801
7206 9591
4433 5185
7581 4103
1212 3664
437 5508
2349 5554
791 2496
5880 8502
1116 4943
8611 5159
2146 738
7390 3684
1275 6023
6520 5610
5766 6576
8966 2416
3178 2626
3902 7541
962 7890
2069 8891
1634 456
224 9224
7077 3950
1964 5053
8225 2632
5622 9646
5134 3111
654 6468
2200 748
3909 1557
7583 5602
7898 3861
6542 9933
2376 8165
8594 8338
7540 3225
2873 9719
3524 1689
514 8166
6607 7324
4059 1466
7384 3134
953 9319
7281 66
1971 7434
5341 213
3980 512
1308 6031
2558 6362
2681 7144
1574 3798
6459 9886
5092 2397
6773 5415
9586 8965
5953 4033
4141 6585
7497 6116
8217 4764
2908 7223
2651 2309
6194 1160
2997 7326
9245 2360
8410 7493
9131 4151
5484 9463
5749 261
5007 7498
8042 8555
2545 1866
479 3006
1480 1307
6071 7395
3014 5191
7814 7794
3453 5458
4492 9265
7604 5298
6889 7765
3151 4413
7004 2093
9833 1802
8548 4678
835 7236
1109 719
6722 4352
4677 784
1829 3187
9680 1689
1255 1850
9346 3218
9678 1337
697 26
4970 6484
2656 9708
608 276
5404 8132
4861 8386
3172 9678
2758 1393
6559 5778
4082 7094
1071 9101
780 3708
7435 4416
5618 5199
6510 1301
5067 3785
2415 8496
1104 8522
9708 4350
4579 1400
111 6445
8948 6545
5922 3443
15 2
8930 9861
5290 3568
9136 2583
265 1596
9245 1261
9048 8240
4090 5408
3766 4102
3065 1075
5970 4676
8573 4236
1684 2208
1198 2681
6983 4626
152 4235
7785 3991
4401 5616
6269 6648
6011 1498
4649 9831
8230 9507
9277 8446
5301 6339
7310 4702
2679 4846
3480 4847
7472 5339
1428 4694
8177 3081
2369 6454
5600 5639
1444 5009
3476 5057
3839 8473
9139 7117
8090 1566
6426 6139
6445 9066
4959 3238
6907 4858
5370 2281
1947 5306
755 2938
6519 9062
4187 1574
8471 2930
9129 8194
4231 2591
8063 4267
4969 244
2500 8836
5563 5561
6755 1913
8420 1332
8893 2362
9734 4938
6174 7511
1083 3318
3691 6137
4254 538
8538 4777
4285 7564
8646 5160
2437 8231
1908 3853
1002 692
8268 6662
2358 6533
6718 6386
8551 8841
4517 5186
168 1825
1839 3532
6755 1617
7111 912
8900 1925
12 4431
1706 7723
4551 7998
6914 1594
9476 189
9424 5039
1359 9042
6669 9512
5153 4549
6600 7305
7586 5412
6020 3352
4608 2460
5724 5113
8404 819
1119 996
4953 9077
679 3837
4955 4634
1982 8719
9471 6956
9365 4327
5761 5128
466 2797
6862 7243
6464 2561
4312 1594
4339 4600
8410 8354
3114 2091
2274 1800
3189 8656
9069 8428
86 2282
8363 2832
4556 518
2567 7880
7833 629
6047 1693
7590 9480
1993 2927
8251 1160
4354 8558
6684 3358
4737 6078
5426 6600
1520 9891
6445 7670
3767 708
5257 7333
5042 8184
4433 4029
2687 5946
9993 6431
3761 3709
8553 6717
764 3634
97 9347
3549 2028
4302 511
1743 6727
7544 2284
7406 7955
8998 2675
1435 162
6862 5338
6435 256
4437 3809
8493 4221
8473 8408
8564 253
9597 1028
7525 8708
5836 7885
9794 7098
4120 1738
6406 4746
5589 8314
639 2149
6623 4731
6947 7318
4995 3598
6847 3214
282 508
9196 6287
853 9328
3555 5893
1946 1490
7130 6515
4759 8698
2119 1112
2881 4337
6042 5124
8932 1688
4666 6123
3170 6343
7597 3741
1460 1246
5257 5999
4181 4310
8426 5328
8688 3506
6244 4792
8183 513
2800 4099
1184 4123
7390 7925
2612 5835
4436 658
7556 1722
4282 8593
5841 3073
3117 4510
1731 9813
4432 699
6233 1131
2334 448
271 6790
2423 9374
8092 1250
6941 8419
8888 567
4938 9046
8953 9672
1129 5625
6809 4598
8443 2458
28 9832
9486 5615
389 1734
3061 8369
6080 2100
7865 53
1789 6941
7653 5821
3411 5062
2566 6306
4781 5863
9705 5274
8134 4071
5556 2058
8683 8806
3889 1634
2688 9876
420 439
7304 6808
8985 6357
8188 8571
2338 6787
2701 4885
7257 2011
2019 5307
2214 1747
2032 2136
7676 4164
126 4212
7480 6318
6177 1002
9685 7274
8211 6230
7365 1913
6521 7213
8517 6602
6076 6208
8117 6210
3524 2918
2572 3249
6814 3545
39 3376
6592 2142
9602 551
2199 6255
313 3091
9328 2667
180 7186
8885 5064
8576 6471
7520 5343
5490 4805
6790 5611
5670 5824
4019 1466
640 7207
1640 4231
9503 2632
962 6309
682 6068
6627 6814
9714 265
6900 5426
7274 3409
6028 930
7324 8460
4342 6101
5729 1470
8054 5233
6585 980
6472 3778
6531 732
5615 3105
1450 5097
3163 7547
6223 2575
4382 2507
9843 705
5629 5225
7905 1364
8337 2260
9795 3089
4142 2179
2864 5539
8501 8033
4578 5729
9724 9701
9596 2849
282 8982
4649 3794
3975 2177
246 8480
4707 4748
4077 1835
6257 5023
5840 2829
7328 5221
2642 4211
3982 3442
6589 3435
241 5911
6595 5129
2969 494
2851 4680
2911 6994
423 6647
575 4111
7388 6160
2014 1315
8381 9394
8101 1029
9281 3478
2193 1748
8400 4502
7059 5385
8866 6840
2392 1213
3553 8063
5582 5116
5511 4212
1896 9397
8923 9263
4600 9192
2254 3217
7832 6482
2196 2667
5060 7195
5334 9211
6629 3116
2936 1220
2093 8349
7621 7526
8127 3582
4255 9361
558 9324
577 6897
5803 4169
7497 8704
2105 18
8878 3000
9494 5183
6669 576
3188 6198
1780 5196
5879 4341
1434 2466
2180 4290
2118 3547
1776 1397
1135 1017
4937 2892
2659 8508
5904 5298
6863 890
9698 6629
7105 6611
4237 9935
1726 6910
1680 7044
4337 1928
1802 9058
3481 6216
7890 8111
4717 1513
2050 3950
6928 707
8882 7861
8063 6601
2524 8161
4672 7889
9335 889
5498 9250
7235 4822
8228 2245
2564 5208
1867 4731
7060 9206
9214 5878
9410 6442
617 7792
581 5350
8840 5747
9701 6397
7729 6376
1871 5124
4386 3518
2372 6447
2593 913
3559 4231
8980 3068
9883 2471
8949 6842
2083 2196
3647 9675
8646 2184
7190 6081
7543 6879
7308 3984
2048 9751
9548 837
7092 1852
374 7439
821 8348
2359 612
6612 8301
2319 5179
7461 7549
7909 8109
6401 1997
3664 7504
2750 8054
7729 9686
7933 8305
5975 5492
9139 8609
8864 3808
4682 8142
5975 8031
2097 1509
6021 3735
9836 3035
3062 345
9865 2011
8619 9994
8970 9198
7583 51
6087 2043
8087 9038
4122 687
9505 2516
2373 6867
1473 8003
9436 8510
496 9319
1574 9877
6012 4891
5976 9928
7668 9714
4991 7384
9820 5922
9685 5980
6522 9940
1025 8813
7721 2638
54 6936
3908 1409
2004 3505
1362 2968
1561 5058
908 1355
1515 9300
8420 9092
3186 2691
4074 6158
4375 8373
4047 6737
866 3583
2830 6392
345 1532
6977 623
789 7857
9264 4637
5968 4602
2887 2471
8566 4699
8152 9932
6476 8465
4407 385
7560 7430
6754 8333
4738 1563
8263 1681
2888 7170
543 8421
674 4969
2623 29
8080 284
565 3657
36 3782
3123 8583
9804 1603
7591 9675
220 4114
261 2401
9176 2445
8831 2914
4778 8643
5884 9225
9593 7582
1748 8798
4059 4466
1796 3597
2075 8123
1851 6191
7899 749
348 3778
4307 8170
8529 3135
3972 8588
1461 8774
6909 8141
9244 8229
6138 9709
5250 9437
4399 1340
4063 2454
2033 4325
4524 5338
9807 3994
7600 2096
2263 4070
4501 8426
2096 5052
8607 6608
114 2749
5253 1005
6121 2974
1888 5917
5221 3566
7458 2366
2873 2414
1791 6559
6685 7894
1745 9981
3646 3190
3327 9978
987 9364
6511 2838
3640 818
6133 1085
1101 8642
9322 1650
6086 3058
6333 9058
2436 8606
117 6240
6535 5233
9223 9848
2279 7941
1740 4202
3307 8625
2962 6923
9421 5275
17 6756
6463 9050
2276 4402
7433 6372
1265 4230
3092 141
473 3627
1561 2686
7545 5039
3073 7087
3442 5754
140 6662
559 5699
9077 1931
7778 2475
5680 2398
2228 810
3040 9576
2595 3385
6329 5714
8806 163
3968 4992
6755 2137
7468 8113
2640 620
1080 7922
3849 2334
1833 4263
6615 9800
8491 6577
5325 5502
8594 8789
8550 693
7913 9662
586 1984
91 4159
8709 7359
8280 3279
1785 5147
9906 8421
8230 963
9290 7157
1394 7757
8548 9893
8977 8777
2960 2794
4894 9752
388 3304
1568 5178
6442 6062
4224 7806
7526 655
529 6920
9213 6490
4054 8553
2477 1468
9893 69
8347 4361
6211 1436
7394 792
2144 8019
684 1809
9023 7297
9265 8957
6970 4975
1710 6606
8705 3844
4197 424
3436 8634
6627 4474
8544 2058
5839 423
6299 1492
2900 4824
1404 6027
7092 131
7784 5649
3917 6204
7121 5717
1631 3232
7655 255
9519 9078
6843 5870
2762 6049
5872 7922
924 7577
4808 2920
2248 86
2180 260
5510 7531
4396 4440
7552 943
7883 1578
8822 3055
9927 7992
3303 7719
7002 3395
6818 8288
2539 6760
3580 429
8729 6851
8952 3482
5102 9515
5322 4863
3401 3830
4024 6860
207 4100
8835 3215
2703 8575
1195 5264
7047 9707
6121 7880
4619 3204
574 1413
6101 3959
7547 5419
6680 5080
8801 7545
5488 4070
5840 8367
6255 3959
9654 6096
3968 6442
7512 2902
4559 3603
5585 3963
5565 8316
3381 9022
729 1071
8862 1898
8940 3909
8761 9441
6283 8604
180 5126
5299 1290
7726 8632
2735 2827
9008 3088
52 25
3911 8177
5691 7672
6853 2498
8374 3583
9854 8363
1699 9778
6815 4416
5207 3942
9426 2346
5197 212
9812 5364
6261 2386
7602 3269
5876 6952
1228 2737
9307 293
8970 704
7159 685
6206 1268
7055 6263
1067 2699
8749 1816
3426 5521
4474 3310
3425 8792
3400 6662
7890 9840
212 8547
1915 3305
69 3584
6621 1421
2355 7116
9056 1406
808 6111
7256 4522
7736 8158
5291 8934
9144 7113
6614 4445
8959 2081
8794 2566
3527 2435
9337 2645
2402 9129
492 8611
8770 2900
1198 3470
9642 9646
343 1633
2760 2020
4712 8363
6053 8903
1055 5242
1371 8956
695 3099
1933 7470
4345 7988
4790 4054
7894 9920
7779 6410
9003 1678
5619 8645
5752 4835
6959 1820
9291 9498
6769 4980
1684 6939
7368 430
6513 4624
1379 4094
1274 3446
8434 7392
6678 1299
8555 3209
8679 5587
1751 423
3854 6349
3017 3034
2744 7408
3150 6220
8282 9550
9664 1196
6330 6952
5785 7406
620 4359
7540 3270
8540 3684
5136 5557
3243 8226
1966 4452
6280 3750
3140 3703
7747 6345
1126 5334
3921 4333
7686 9105
1473 5159
5812 1723
3781 7238
1062 9725
5514 1149
2589 4319
8046 8481
1883 170
1213 7459
9790 4517
5441 8698
9940 4532
6409 5961
3449 9985
5826 450
3484 6286
6673 8435
1796 3380
7871 3412
1776 6005
7164 2241
8937 5130
1160 8820
5656 9265
4461 956
4121 6462
4542 3169
3663 2774
5219 1280
5314 7819
3788 1077
3898 5063
7665 6303
7646 9611
6684 8503
2298 7801
5683 3785
7353 3199
9760 4809
3371 7588
304 4183
5523 4870
6329 7022
1743 3504
4771 9021
8160 6591
8098 3956
2216 6086
8342 3874
7464 4857
1174 6045
2580 5957
8658 6320
778 757
5815 463
3014 410
7908 7725
7515 9604
5553 9028
8734 643
4559 4142
4839 7662
343 5706
9703 1727
1569 1266
4857 5886
7344 8513
6414 4258
1603 9566
6212 9
6243 986
7688 4307
6007 7750
8682 372
6440 2611
533 9314
5140 6821
298 7031
1205 4917
5614 2951
6616 9051
9187 4549
5606 7127
3065 9394
1310 3257
8001 5987
2816 8724
4399 3572
6453 532
1655 2593
7024 9330
5286 8957
733 5543
746 523
8215 9383
3052 6685
3951 3260
3392 7192
1798 3139
8700 8880
4684 9287
9061 3183
4609 4545
6497 6415
2421 6725
577 673
3262 3021
5927 7286
3764 229
3815 63
6381 2542
1179 1927
204 1315
2035 9555
5332 7207
1773 3314
1831 2774
7908 7736
268 2103
4348 6187
9045 4331
8101 1489
8805 2378
3423 930
7333 6105
3427 1568
9323 8637
2498 2142
8108 7134
2978 3294
2509 6941
1082 5214
4951 7263
8842 487
5112 8190
7017 1661
5881 7627
1017 2050
4440 9689
3122 7825
7892 1105
2222 9226
3780 204
3990 3193
275 5766
9628 3134
9124 1054
3677 2104
3248 2887
6538 1542
3536 2935
5817 9142
9088 1766
5687 1696
7619 448
7701 8418
4011 5152
5401 1404
4719 1856
1433 4746
3272 5649
211 9346
8562 3883
2536 4827
3950 8913
8802 1553
3151 1580
4289 4957
5287 3080
138 2014
4517 2294
5573 9827
8064 1209
9122 3972
5652 2273
7385 1391
1453 1791
8269 7887
2723 6470
580 5204
9229 859
7746 8706
1646 6147
5267 2431
862 444
6116 1639
1718 9419
229 978
75 384
1281 7353
4760 8564
9175 1676
1528 7410
99 1360
3310 6402
2233 8816
2499 4933
2784 3658
4548 6867
8180 1916
5941 6691
3109 5208
6156 5746
9673 2033
1561 7291
7811 2338
5189 3226
444 665
1684 6069
7178 4235
6047 3907
9120 4460
8210 7299
9139 6785
6635 6570
6429 3208
2204 9364
1411 8069
5455 3967
5519 5782
7737 8066
9798 6019
8591 9894
3627 9273
4489 2119
1974 8478
9689 3944
5868 2034
7570 8649
6997 8857
6607 2887
5398 4991
861 4603
134 5824
1815 2374
5210 7716
549 1395
6498 7981
4109 3100
5868 8316
3671 9865
2296 4516
4596 7951
3519 8259
3496 9376
498 6805
6970 6662
9175 4849
2668 4807
5158 3988
9760 7803
7457 2114
6909 4257
7928 8293
7446 7887
7925 4469
2780 8680
5185 6741
591 882
394 2909
1083 1875
2328 2438
1875 8404
746 3887
2220 1648
5313 9302
7941 1880
8556 5868
2408 181
7606 338
22 5226
813 5608
1451 6028
4025 8289
1476 2434
4257 1785
4412 2248
2904 7885
5475 5018
238 8505
3510 4041
6072 5797
2573 8622
6527 899
124 9317
4332 410
3275 55
2887 5857
1061 6719
987 5846
4378 2457
2410 9786
7390 3527
4889 5693
8976 671
393 7389
9942 9101
6828 5980
9153 5015
3034 2828
9501 3125
8164 2159
8101 3847
8510 4356
9361 7046
6823 8755
4031 4392
4126 1053
1630 6286
8407 9046
3732 834
1923 9453
8923 6942
467 4173
3227 6906
6704 6046
3684 8158
6345 1252
4292 251
1684 3543
5016 533
6332 1929
3848 1637
3358 5550
4974 5774
4350 2866
6608 3988
9095 8666
1202 8711
3235 1158
3379 4336
1129 2454
342 776
5070 5873
8046 2874
6760 1378
4602 4864
4029 3199
4502 9993
5605 7286
3584 4917
9198 7452
2556 3838
9438 9696
9062 7679
49 5580
7016 525
163 680
9404 3877
1587 3071
6566 7484
7504 2100
9014 2971
8264 1743
9958 5896
4163 1208
3106 5949
7573 8462
5137 3676
9898 6504
1338 5374
6811 367
2824 1180
4362 4076
4701 3349
3795 624
8406 2533
719 6100
7413 7098
8438 9584
5573 7694
9737 3165
3515 8840
2473 1066
2951 1700
5542 5727
3979 5083
1732 1192
673 7136
9276 7834
8609 4187
7042 6609
2100 3538
2802 572
5230 1473
1049 8039
5238 314
930 3644
5636 3645
6851 3983
8706 3295
1124 3000
7807 8067
6645 3323
801 9526
5427 276
7822 604
975 1386
651 3128
1065 9976
6038 1901
5836 1478
650 7502
489 3665
4152 8087
5555 7028
285 5292
9128 5313
3062 4042
8801 4033
6893 9479
9771 5703
6046 773
217 4634
9338 9543
2993 2508
2580 6874
7944 6805
7459 9646
2349 305
7578 2980
9170 2713
3970 8399
9990 2529
1476 5661
8323 6608
4326 7032
3083 6559
2129 133
5432 9877
7285 5854
4326 4609
5094 3047
4447 3410
7347 2323
7853 3416
1692 8496
6454 3912
308 7057
1732 7647
782 7687
3158 3677
1220 6384
8181 5548
3790 1385
4675 7326
4213 2472
3019 1723
8653 4561
7619 923
3951 6579
5181 9153
7807 4906
4915 5830
577 9171
6250 5072
8400 7784
9094 9597
2696 649
3388 8709
4865 8899
9620 5962
7647 527
9202 9220
5476 4730
5258 5747
9437 808
3696 4203
2506 4005
5869 6313
1468 2351
4970 4619
5134 9602
8925 6429
3377 3422
9026 8004
1172 8909
6057 5051
6959 9219
1505 7280
5704 5695
353 5847
3912 503
5634 7592
4088 4891
7090 8691
4780 7075
7241 2514
3929 5000
827 8044
1602 2773
5842 2053
5703 7254
4574 527
4750 8644
7244 3286
2499 8589
609 5773
1997 9123
707 4630
3968 1333
2340 8486
6332 335
3224 4096
1668 3543
1122 1958
8391 3460
5677 2930
9852 8299
143 6658
5928 5106
2841 5443
7647 3804
6191 6191
6466 1467
516 4806
4293 6196
4076 269
433 7356
5721 5368
4029 477
8859 1207
7522 5285
4895 9039
2911 7678
5920 3698
8979 4048
8702 8861
8492 6896
839 2528
4143 7033
7630 200
3027 6315
7664 2194
9383 5408
2497 2496
2577 4775
2628 5450
6247 1633
7921 2361
8908 7152
3279 8787
5547 6818
5826 245
7494 5215
1777 3537
6516 3193
1225 6995
2847 8658
8180 1206
7621 2700
9656 7503
5181 3424
1120 4204
1419 3251
2613 6858
8975 8477
3619 6990
3754 8843
4653 6209
488 7419
4699 4167
3630 8960
5979 9384
3550 5632
2603 7589
3453 6714
4740 6208
7496 5775
3605 2123
5697 1622
8825 4243
2601 4918
4561 8038
9574 4234
3241 4003
4005 1971
718 202
8000 5488
3872 6221
7444 1736
654 5787
647 5024
3404 2260
3737 7410
9494 7978
5237 2530
511 8866
8594 455
1565 8711
4398 7940
9809 9315
2391 8599
3583 1482
5996 4537
8207 2008
1903 7383
4678 3961
968 3038
3596 7577
1514 2301
4300 2163
4740 5263
8766 1475
1459 1851
1608 7544
3922 5160
1823 9503
1926 1338
3395 2047
1440 1921
6264 9200
9203 7486
6075 7853
7851 6549
7897 5555
6859 3988
7197 2096
3639 7645
4575 7127
9833 2108
22 4144
2929 663
8085 6742
5560 5175
2035 9630
9642 1548
6136 9592
6036 5100
2960 7254
9188 912
3623 4910
3953 6052
685 9933
7963 9726
5863 4280
6763 6267
2214 9331
1898 2119
6270 8540
9400 9332
2293 2675
4514 8267
5913 5310
7852 7604
6060 8539
4685 7321
7939 8920
8485 5112
190 6877
9977 8152
8779 5833
9311 7754
2867 3374
9334 6804
7693 3916
8830 4420
7853 9855
8618 948
395 5686
138 5374
2081 358
3666 7324
9595 9441
8328 3293
846 6785
1929 9392
8562 1248
553 6460
3363 6760
5400 2538
5975 1047
9910 2143
9708 264
9467 8083
302 7536
4717 4504
6738 4603
6070 8420
2167 1987
8159 3425
5046 6041
5957 908
1987 9437
5858 6605
9302 2158
7584 3635
285 7599
9399 1033
447 1522
7615 9330
9973 244
2991 3309
2068 7424
2654 3958
5177 2132
4293 1376
8600 1975
7492 9934
5090 9002
156 271
4406 2862
8781 8143
9952 1081
4218 9138
5204 5037
7972 644
4371 8829
3451 4802
3050 2647
8839 4562
6783 1899
1427 7169
7865 6207
5035 8310
107 9464
5943 1445
1366 7344
4923 7111
1462 4847
3357 987
3206 3515
8754 140
4160 3648
7004 9771
8523 2690
6883 2442
163 5593
3488 2507
1435 1611
278 3744
6046 5908
9031 5739
9094 6527
9277 7027
3905 6340
3339 8202
9290 7852
1356 3267
3144 1287
3009 4216
9203 5263
9786 7417
2581 3500
1282 5772
3856 2416
5676 9850
4569 9612
4940 7297
4484 3015
1045 7633
4370 9976
5865 2183
9350 8681
3151 2310
4237 220
9362 147
8602 6061
4541 783
6121 1613
3158 5593
5245 3505
3171 1489
664 3488
3633 9678
2911 4058
8783 128
241 5376
9845 9226
9397 7602
8067 3900
349 8971
1535 3635
3053 5528
1248 8507
5070 4157
1175 2870
9857 5452
2388 865
6805 4376
1519 5861
5047 3472
9399 178
1436 9233
9905 3226
6216 5314
1385 8519
3546 9257
5243 6273
1969 9535
8435 5135
2240 5125
4608 8754
2882 5913
271 4789
2988 8979
2421 5021
6083 2205
8852 6876
9572 1357
2199 3820
5622 8021
2291 9755
2772 2656
9323 599
208 6114
8896 7269
5941 6383
3621 9922
8864 644
7295 5523
8962 5116
238 7236
2893 6364
2435 1341
405 8367
6701 612
7336 4615
9513 4218
2834 4852
5982 226
6589 9671
4581 6873
83 5151
9079 9699
8584 8930
8012 8927
4061 6675
4857 506
7783 5054
6862 6408
220 7982
193 1841
9412 8283
9933 1326
6870 9402
7087 4011
4662 7069
8934 9290
535 3364
7153 7741
7284 2736
2756 1475
354 7774
6550 661
9757 9006
6435 7780
7990 9574
5 8606
9477 2739
7461 1799
5218 7753
2828 9182
1842 4000
4265 6992
7740 5566
9970 4418
7900 9120
9123 7484
5225 8718
1486 1638
1733 9272
1568 7863
2966 9306
6021 5088
7063 327
9813 7795
5902 5353
2523 9531
9907 3574
9632 6353
3508 9557
2920 4190
9036 2016
9879 8870
450 2521
3381 759
1252 5823
66 5946
6184 4964
6215 2536
7979 9177
9929 7412
5753 2175
8515 2546
6596 9592
7576 1650
9085 5133
8129 2175
6351 7378
8827 949
9426 7151
4637 4541
6946 9053
6542 79
5287 6577
3347 4942
7358 7096
8373 4331
9628 5507
8436 6861
3500 7333
2273 858
4945 1730
1673 6119
7693 7891
9594 8805
6137 5266
3109 828
4539 5387
465 6699
5632 8436
7259 19
6245 2633
4291 1989
6759 3797
2546 843
8941 1966
7448 2093
4877 3779
9596 5216
7380 423
2386 7395
6982 4541
8805 2092
3987 7545
9792 4241
5041 1736
1228 5064
73 2253
4612 2311
7438 9684
9360 3895
5345 8750
9864 4171
7817 1015
5950 759
5791 5249
9319 5209
6050 9864
3037 1703
3828 2199
8001 9214
4005 8305
5802 7204
737 2384
2020 2623
9166 7284
7778 7696
1062 8490
2050 8231
4677 4634
4275 2971
1594 9032
8449 9792
2417 6019
9014 209
9216 2908
8483 5238
1682 146
9889 7039
2948 2659
3433 5433
8995 3327
1593 8506
7470 1623
4146 7559
7813 4805
7026 9193
7924 5030
7619 4973
9855 6009
4787 4718
3369 1811
3406 6257
8801 2539
6013 916
8600 5010
5282 2018
1200 8841
3976 8267
7438 9943
2321 793
1872 1454
2395 4411
5882 9289
7314 6652
2526 4916
7184 6939
7871 8715
2063 7184
9920 5335
9704 4930
5609 3230
8959 2802
9522 5008
7993 9082
1053 9352
7534 9911
3687 3993
2845 1914
9415 8995
375 9511
5224 9361
8390 3684
7826 8343
4146 2485
6778 6792
8346 2103
239 7391
5184 8642
2495 9593
4889 873
1296 8232
5598 3173
7381 7272
3251 3878
5870 148
7768 924
4959 192
9705 6247
4840 5275
4975 1178
862 5507
2304 4261
1006 5431
9672 6296
8809 4202
9419 9822
4106 9501
8215 6992
3763 5216
6302 554
5092 268
6615 6629
9023 7422
7143 46
7685 8936
3802 7219
4617 3710
11 5788
5928 1336
2167 1950
7600 6955
5069 1667
729 7946
6818 5458
1977 2713
2484 9623
8972 4421
6086 593
8892 5674
5238 3584
8287 9626
8611 9872
400 2200
5205 395
9489 2427
1063 2427
3049 4352
2953 8137
5199 4948
5899 1076
603 1685
8069 4971
6452 4179
8246 195
7624 9417
6895 253
6098 8582
3662 7973
8343 5196
1266 8529
2741 6422
5968 9549
1649 57
6573 4620
1467 7949
5394 3944
9775 4161
2980 6601
1556 3639
3420 6221
3953 5009
2771 71
5531 810
6329 4466
689 4979
9793 2
3681 7370
8335 4181
5717 8519
3321 6395
7605 3626
8727 9675
4023 2951
478 1936
5602 7060
6417 4703
1776 5045
4575 7731
3650 5896
4018 839
3727 2106
3930 6487
8155 5392
263 2404
5825 8798
884 3037
318 7025
8615 326
6282 3096
6048 2580
331 4392
8864 3629
8562 5089
8226 8635
2794 604
530 9820
4501 2482
2667 5499
9696 2239
1519 8630
2688 8074
6111 6803
6175 3380
4385 4751
6430 4249
1448 553
9847 1438
507 9335
3241 301
7925 3065
7166 1628
9609 5221
8268 1064
8535 7835
4357 3115
630 4043
1577 7418
9892 2257
8281 2060
7453 5182
703 3475
2204 8545
9155 9977
9972 3063
1974 3331
2257 9395
4314 8453
1464 1060
8464 889
8535 5111
4844 6550
393 3315
3618 7405
8976 2429
1545 8250
1054 1180
2847 2742
2362 3690
9423 1063
6065 8290
1092 5472
5861 1026
857 1235
9729 3123
5953 8832
3792 7391
3525 2341
338 4153
3082 8889
4926 1750
1000 7542
1517 3724
2277 1076
6547 1571
6091 7773
1636 7401
4823 244
4019 9372
689 9366
2457 2383
7676 5853
6476 2713
4457 3663
7655 506
2404 8209
608 534
6136 4315
7290 3549
3954 2136
8749 9781
4688 8157
7032 8179
7195 6391
2567 3280
8322 965
3464 3715
6432 2542
4074 5147
1065 8803
9267 8613
3421 6041
9167 7882
7165 1102
1264 507
2954 469
5417 8552
617 2676
7695 9518
8821 8297
5518 8065
1095 4374
2183 1438
4744 6893
4102 3594
241 2143
2483 5151
2869 135
6360 8646
8990 9150
1013 6093
5127 2059
326 7852
5548 4911
3097 3756
4847 4555
6325 2768
3285 1201
7518 9046
3857 7728
3137 272
7000 7670
266 810
7986 265
5683 482
6315 9048
527 9671
7283 9425
2938 9035
4047 4330
5890 9833
3795 346
8747 5685
5817 9714
1866 1667
2616 7313
4789 1262
6012 741
9092 7457
1793 9516
9866 5282
9228 2615
7440 5798
4028 6654
5485 3859
8263 8483
4999 9527
1838 3304
6476 6654
8922 4580
4992 8271
8399 4015
7865 9002
4259 9265
3658 6541
332 5481
7241 4531
4463 607
604 1180
2905 2949
1657 9162
4229 8006
3404 4133
2314 5262
9424 2708
4265 2438
8534 7212
4523 1595
6883 5212
4749 8437
1538 4762
2996 8943
3527 2781
1241 468
5063 1230
2699 5296
3748 5973
2923 5830
4041 393
611 3732
6688 8997
9841 949
2276 7893
6947 29
7 2868
3724 5392
6430 4468
1410 6894
6166 5285
4478 622
2891 1846
198 8193
9 8968
8690 2560
4289 8693
7553 6490
4600 1017
1749 2540
4921 2046
6667 5633
5834 1211
460 2195
7506 7306
8865 9280
4563 6028
9663 8756
5914 9989
840 4842
8798 1648
940 3307
9203 4386
5739 1314
5314 7233
792 5413
2718 8869
1973 4120
8617 8844
4787 1679
1385 8003
686 2702
102 9409
7996 8261
9030 8797
575 4611
176 6907
3742 3273
1105 3360
6430 1447
5472 9146
6881 272
6514 3452
6561 5693
4054 5543
138 7069
5201 9160
3456 795
961 8237
3204 9793
6389 7478
2284 6516
6658 6180
5236 5811
5127 8700
3014 5257
2414 3340
6207 2239
1122 413
6188 6650
2848 2303
4206 3487
8658 3506
9410 1016
3451 2947
2311 2867
155 6636
5057 7993
6861 364
3614 333
8216 749
566 5354
2528 4881
4654 1861
2952 1216
9673 548
2049 6554
6945 4086
3272 8797
7858 3151
6770 4219
2360 2180
6388 147
5102 5778
8282 8214
5377 757
6798 5854
8433 2098
1737 8851
958 3777
8851 7548
8064 2234
3273 1763
817 3600
9690 971
4720 8064
2506 463
3563 3997
8389 8385
8965 2381
9778 8876
3579 4737
5838 8915
3749 6195
8121 4846
2349 4420
7838 4080
4299 9221
6155 125
8906 4625
9329 1501
6087 7310
3493 7312
8251 6335
2290 4436
3709 3351
9886 8577
3998 9975
3969 3326
6396 4358
8013 4622
5479 4844
8621 300
226 8425
6163 4342
7841 8263
9479 4340
3051 8277
2788 6268
1244 8525
663 7413
3904 3684
1137 8998
4534 9260
81 4324
5251 2829
3729 4547
6611 4706
6022 1243
8688 3193
7086 9826
172 7948
6594 5445
3871 5546
5525 5721
7186 7701
2081 7870
3695 599
717 1794
3706 9623
5766 965
8343 1838
9090 5012
4534 4932
7728 8345
2255 1545
7579 8051
1439 837
7241 5956
7090 5692
5126 8988
3735 4360
7137 7550
747 5859
852 6012
3988 4227
7536 9065
7426 6120
1482 8333
8857 1582
910 8939
7817 7180
3466 5641
121 4030
6430 2858
3358 4761
4704 8014
4496 6777
7230 3983
4701 1540
4264 8675
4079 1716
4356 8027
4009 8514
624 5319
9355 8907
7098 5507
4781 6187
1170 6554
893 1496
7428 6717
9428 7994
2653 9227
9523 9521
4568 648
8889 7498
3632 7316
7317 2235
4859 6101
2824 5438
1632 1607
3406 1111
3502 4450
7662 9196
3233 8309
5607 676
3090 3204
4112 7547
9247 6085
9062 5129
8504 4487
3945 9975
6429 1856
5275 9781
8190 2545
1328 5068
3730 5454
9864 5820
3310 8316
4491 8203
1564 327
6288 6259
5041 8213
4407 427
3204 9769
2988 8773
7039 7694
6934 7144
7662 3430
4682 1646
9174 7881
1005 688
6981 538
6945 7635
3340 8292
4236 930
1594 858
3565 8177
8199 7685
4934 8216
7448 4847
6577 8420
9556 2554
8029 6035
8520 2719
8157 9880
3634 2844
9028 3683
9321 5599
9278 4502
1267 6772
7087 4912
5533 2058
7178 6180
4129 8757
8944 9976
8496 6465
4197 4327
1303 2585
1131 4426
2509 909
9115 620
134 4356
7295 8750
1829 9881
8856 2599
8406 431
6948 676
7760 1665
2887 7498
5375 1848
1905 9763
3774 8180
1383 7168
8647 4701
2379 6735
4468 4851
1992 357
7656 6466
4777 1176
4762 8428
4351 4247
9900 6345
1569 8064
9517 3521
6566 9637
9698 3632
9050 661
9003 9352
6845 1953
2972 127
102 7128
7502 2120
8131 3554
8438 6590
3019 1293
6887 1710
2736 6947
7497 7658
9862 7429
6610 3318
7651 5126
8134 2742
7037 835
5801 1331
1353 8304
9621 2824
8203 4634
8325 7222
6745 7780
8213 8014
9626 2926
501 5273
2749 7987
896 2103
3164 1345
9490 9415
5342 9654
2476 4976
8993 4759
5082 7295
7753 7107
5236 4715
1672 4063
3507 8101
8621 274
912 2081
9216 8595
3692 4724
4624 2861
9992 9050
9939 3697
8166 8
8814 205
7482 8549
2158 3349
8228 1986
2697 918
261 2518
7689 5785
3600 8686
4480 2795
3481 2890
433 7408
199 6746
5961 7751
351 6132
4767 6032
7356 4055
8941 5228
5901 1467
6581 4958
5942 5272
2045 8926
9384 8297
8334 1174
7034 8838
9261 1306
4570 7144
216 5276
9574 1405
5 735
2587 4407
2997 2096
7218 6664
3561 6205
3577 2461
9884 2133
2104 9521
6852 8209
844 1507
8024 1901
8411 4787
716 1512
6871 3461
1462 212
3839 3664
5654 4495
1461 5845
2370 1535
2274 9949
1707 2719
4736 2129
7597 4573
8954 7127
9201 5048
291 2006
4432 8067
3380 8103
2323 7799
3690 1485
5225 3757
5201 3349
2365 9912
6806 5388
671 6259
7150 5316
5935 894
9800 5305
7165 6282
7190 6143
2558 9743
4259 6414
9920 1833
9232 7587
1115 3357
3522 4571
7845 789
4723 7949
7517 1386
9763 7684
7766 3565
6455 2942
7897 4974
6071 3537
8266 8075
938 6041
609 7546
8926 5482
9497 8787
3428 532
679 9219
4273 7314
2736 2579
7471 5145
6171 1850
7787 5778
6518 9505
8376 8992
3287 1317
8516 4945
5762 5695
9320 3039
2419 7480
3961 298
1862 9241
8451 8729
7958 9231
7005 8547
9292 9141
205 5317
7502 925
7366 6416
287 5159
9522 1103
9170 9934
2194 8180
270 8482
4770 4984
9899 1233
4895 5255
8617 7173
3283 6929
3398 9058
7820 7287
2499 9829
9700 4146
1112 3199
7443 4836
8329 2904
2751 7259
7958 2858
1127 1928
7047 271
8459 9475
4460 2021
8648 8058
4246 4949
6699 328
7642 436
3017 1229
7339 2234
8603 9340
233 8048
7067 7071
1039 9933
6654 6994
8481 7635
7297 5759
6046 1355
9882 3127
598 8344
2826 478
1181 1642
9899 6163
6499 7114
7194 7892
9886 1522
9920 5724
4254 1786
1694 8999
3204 1387
8436 4527
5366 1653
9576 6610
7651 939
4282 6287
554 9890
630 8995
9407 8125
8159 8591
8148 904
571 3925
2739 8761
7108 6959
7715 1572
1505 4259
9660 883
9923 9211
9907 8299
5111 9528
2065 3289
8511 5559
2831 906
7338 9996
891 925
6316 6129
3627 3102
850 2299
815 4511
1787 6605
4544 2616
8895 6079
9434 23
6626 9671
9966 1419
9087 1107
3013 8631
6526 4859
2392 5012
1093 1832
1423 7111
6068 6789
5256 5376
632 6558
32 7623
8395 5396
6512 8506
4983 9448
4393 2432
6125 2807
4280 7666
29 9471
1837 5208
3115 4995
6576 5991
9907 5803
3417 9954
5181 7433
6548 2106
822 4058
9391 68
9639 2343
3024 3691
4595 4507
3648 7077
465 9960
8886 8286
7552 3757
7081 6596
4952 47
2260 5636
9981 4040
7716 2591
1978 6558
3325 7549
2899 2287
1609 2067
3416 4212
8027 7686
6447 8146
613 8608
1346 9498
5525 9946
6916 5131
2402 1424
351 9952
7154 775
1797 3754
86 5598
4627 432
1712 8037
1181 6098
4177 8178
8350 6819
4869 3339
5730 9395
149 6805
9434 3652
4289 483
8514 7769
5674 6847
4155 1901
7198 2947
5133 834
269 9662
4125 2428
3058 6014
6434 2576
7426 5248
5320 7347
1595 96
261 9062
5693 955
9803 348
1340 8144
9464 9603
7084 6858
4758 4864
3881 9280
8900 1230
3045 7516
6550 5207
9213 3301
6337 4134
371 6858
6225 9041
5162 1167
6173 5577
6585 5093
6207 6242
3144 4784
9493 2125
198 4522
5344 6200
1255 1569
8694 8146
6347 4090
4301 4079
3546 5054
9848 2392
4618 5668
9977 4482
1918 422
4440 5916
684 9180
8279 8788
3072 2657
8086 8260
8022 4424
5008 4691
7957 137
2878 8802
8163 8079
2693 1072
6865 2094
2030 1531
5244 3815
1623 7476
4807 5010
206 9775
81 9427
5515 2075
3290 9906
5073 3689
6004 6040
6056 9121
46 5157
4434 4481
2789 1174
6319 3839
7728 3368
9050 8589
7149 6747
3543 9257
1034 610
3453 3011
4218 5232
4609 8530
4621 803
5511 8257
3005 9003
5068 825
6038 2908
1485 87
9380 7142
4686 3632
8691 6366
2046 6713
376 6925
4925 6542
6363 5815
2655 5394
2587 3044
4903 4813
548 5904
9860 1985
5663 8061
833 8725
8300 8225
2551 4241
5262 3455
9876 3891
5923 9820
4320 7851
3186 7896
8153 7695
5878 8969
1893 7190
6347 9674
8237 2994
8005 6671
9539 3476
7282 2701
7969 629
5533 3321
8412 2150
4374 684
1279 2907
5939 8764
9470 2767
8724 7051
1627 2651
7750 2164
6106 6693
6168 3643
2377 8626
9988 9557
6235 8590
3916 6400
6609 3222
1850 3690
2318 9864
9483 6002
3321 5194
7690 8986
1251 7583
203 5470
4269 954
5044 6887
5726 5117
6594 1275
4461 1890
944 9786
2162 4816
4448 2688
8990 9539
2154 6248
916 5034
4733 1762
3168 1747
8843 912
9003 7181
2392 4793
8422 4517
5287 5281
3545 7029
673 1491
6627 574
9228 427
8919 9696
3840 8504
745 5001
9996 1711
5429 3954
4554 9235
6220 3282
3718 3978
6274 5681
2272 7280
9497 6151
1364 7644
9528 9167
9142 1961
8865 662
9620 341
5805 4305
2843 3472
7906 338
166 4002
7185 680
9364 4467
9963 6052
9060 263
3310 6694
5217 945
8302 1947
930 2768
8332 6196
8976 1578
5858 8034
2846 4766
4333 4212
3429 1915
438 246
6071 5936
5515 8270
95 8817
6786 6896
7680 3476
107 8878
8651 2170
5445 8675
2038 3858
3375 75
5139 1710
1362 8588
8143 9150
7833 4598
133 5750
2622 7145
9825 3063
622 9281
5430 32
1852 2112
5981 1436
8515 5499
1470 6980
9383 676
9320 5658
2174 9571
8539 363
5107 4361
4573 6926
126 944
983 2188
6762 1929
854 2962
9053 5587
1547 6164
3244 2006
2006 1262
4093 3703
3195 5862
7117 1163
9767 7157
5277 4475
3576 3051
8605 9461
7956 6261
4707 8503
9905 907
1128 3793
4674 6585
4645 8508
7926 3795
9128 3156
2414 168
7565 7276
6270 1404
1165 8711
9809 8963
1177 3826
6910 2287
8353 7802
4356 9592
7631 5285
1456 4740
2100 1098
134 300
9028 6610
1216 8608
3236 5971
8028 2121
2060 3408
5486 1328
3191 6552
5096 5995
8694 942
9729 7302
6882 2387
8232 6842
4152 8334
6164 3842
1699 7673
8067 6466
7142 5970
2375 4555
7494 1200
5726 5206
5797 4789
226 4945
2316 3028
6400 1079
189 5461
6046 1158
1368 2832
3417 6641
8377 4373
4456 4902
9806 4186
421 4387
5340 9019
4185 7220
4177 540
8500 7493
5215 4523
1504 2092
2160 3287
4526 1123
1933 5085
3652 6238
1626 6909
5097 4310
2552 5733
6177 3121
6744 824
5399 1611
4368 5839
9604 3297
8842 9179
6901 9649
6960 8552
5943 6845
1327 1325
4481 5090
9847 3332
2968 4721
533 4183
2760 8431
3922 9875
4668 8444
4362 5379
749 4390
9124 9893
7724 6321
3682 1228
2281 2753
8183 4003
9278 3073
966 8252
2982 1227
1251 1086
3273 3411
7856 677
1078 185
3078 1172
9374 8966
4511 8457
5286 1580
7803 1552
7720 1434
3600 8159
1408 8618
1051 214
6537 6529
4904 9686
7465 5670
6893 3441
7192 3275
2105 7338
6533 8446
8814 7539
3243 2509
1854 3314
8242 9726
8716 7697
5270 9413
531 1548
7626 3091
9678 4654
2359 7641
4139 4548
5280 3391
3707 3704
2073 1070
1264 2011
9475 464
5018 9274
2619 6061
4916 8898
6764 7736
1972 6811
7813 7207
4415 8051
5139 5344
5814 4100
3597 7451
4978 8892
4306 4266
2259 9851
8802 8149
1240 7172
8461 6705
8222 4806
4394 1256
8928 1565
8174 780
7890 4622
5669 7327
6735 8072
8975 5655
8564 6728
5256 7163
8413 2024
5485 6126
4967 8352
3802 5065
96 8614
6496 4800
8350 1107
8985 9609
3657 3882
6416 4248
5926 2817
9560 356
3222 6979
7531 4186
875 3146
9584 4512
1916 1297
8291 6198
9320 8267
6289 575
7763 3109
684 9275
8126 869
8976 5627
9086 9366
1998 4682
312 1007
1237 5596
2463 5129
2904 7988
821 9615
4189 6949
9029 1983
2883 7053
2815 2787
289 5389
7593 5840
6485 2816
2133 285
2229 2352
8002 1903
5099 1509
1148 4902
4199 908
59 2695
3734 4190
5363 8300
9754 8147
8919 3734
245 6143
7985 1923
2811 6299
9077 6608
7088 4472
4521 8420
3463 2178
2900 551
9986 8917
4515 2680
5801 4127
7783 1975
6994 120
9052 6098
26 9292
6086 8338
3897 8398
39 6086
4367 6079
9092 8800
2432 4539
7813 9727
6386 1638
9231 1556
1290 4811
8314 836
3631 6239
7932 6118
8359 6010
4928 2690
7246 2978
6581 7796
8386 6183
4523 5064
2139 6814
6184 3907
9825 5715
247 1261
6313 8056
5588 5356
888 7496
4808 5215
978 5249
4706 7658
465 3920
7726 8356
1150 6401
1554 9453
7958 17
1341 203
7115 4166
9417 4475
8626 4407
1010 7916
5991 6671
9805 303
422 9572
1802 9749
8170 1366
6817 3136
1476 6865
4599 8218
9087 7827
2756 3424
4160 793
3303 6295
6714 5385
8240 6721
8079 332
6588 6571
4238 6790
1666 3794
4114 7423
7934 1578
4599 1804
1282 6591
3199 8204
8726 250
9567 1198
5388 798
1650 7586
3755 5197
3367 3509
3588 5036
1331 5080
1670 7838
4777 246
8897 4686
5198 805
4104 1663
9893 1178
8824 2355
9511 6711
3095 8509
6658 7990
7154 6881
4943 5789
4920 6651
3034 6469
426 605
3835 2897
246 9518
134 3444
1814 2952
9307 4039
5051 8762
7093 3725
905 471
8761 1399
5686 6656
413 5078
8378 3340
7926 4788
2895 8987
5326 2245
1651 8729
378 3499
7827 6995
932 9305
2220 6066
4897 142
9202 2618
2939 8391
9787 1218
4883 4449
7890 1635
782 3770
191 8756
4519 6905
1592 5345
548 2826
7626 7061
2388 6322
8384 3594
5897 3910
9539 9456
9178 9619
1758 270
5875 5759
401 9534
5001 1677
4104 876
4355 16
7946 6607
3307 9070
2475 4026
7712 6875
5518 2071
2515 2141
230 6616
7 6192
5320 973
4909 8434
2456 1162
2012 9920
2881 8760
6503 2058
344 8871
8722 6749
2705 2372
8375 1776
286 6826
1434 5512
1743 2303
4101 9687
7754 3734
5528 3785
9526 8809
6356 3130
5967 5921
7559 6784
4595 3387
6189 3715
7522 5654
6531 6646
3349 5766
9436 7858
8241 8231
5905 8493
9538 9396
6690 152
7061 2324
2165 9146
3231 2718
2531 1534
2514 5591
782 6783
4812 1591
7180 6899
636 7719
7989 6088
5772 7454
6338 1988
4298 7670
5543 1295
2903 7863
3592 6570
9230 7406
9722 2271
1222 7043
483 4804
3122 4996
4132 7757
4983 2652
3045 6649
1051 9006
7856 1818
1407 602
4380 9606
5986 176
4848 5561
7174 1235
8631 4651
1999 4212
7552 7405
1868 4909
5676 3593
7236 3185
2965 776
