8867 7021 36 2836 5836 7273
5505 3831 9119 605 1774 9754
7974 5636 9651 4586 9549 4894
954 2457 2795 1971 9022 1877
7407 6593 3896 2949 77 1060
7750 8947 4850 4022 2793 842
8072 268 5718 6490 5240 5914
7353 8283 2558 2027 7653 4292
1887 8560 2796 8262 5402 9460
2025 6895 7999 8159 5429 9242
3376 2555 3754 8058 2855 2826
4904 3952 2842 8808 6514 9280
9176 4463 7216 6881 4618 738
9318 5379 8939 9603 1062 1516
8264 9487 3544 5389 1997 5898
2843 9913 4839 6476 3113 2685
2160 9295 5427 9731 7123 3701
1450 3078 2046 3516 9086 939
2243 5143 2277 7260 8840 50
302 3773 1493 2237 9793 3368
9282 9514 1955 6944 5965 6600
4440 2700 1349 4531 4720 5323
5310 9586 8255 5238 8153 7983
9469 4748 400 2605 3146 6853
3620 5582 1072 4789 6173 9340
1191 9922 9501 2059 449 7608
1746 4505 7113 5445 9075 6386
9589 7712 423 6954 1950 9253
1794 5064 5619 3510 2768 5045
2967 6676 6368 5101 3323 382
5528 9651 6526 2008 3339 4797
5821 3251 9137 646 3492 3647
869 4023 5672 4014 3015 5434
6430 6666 3632 1819 2994 1109
3721 7681 7154 4455 9091 3772
1240 6644 1181 6730 9917 9424
9859 7580 4372 5625 1132 8699
116 1148 1571 1971 2640 8745
9372 8953 3661 934 8671 6657
6750 3709 6657 5417 8287 5658
7643 1366 4159 5364 9405 6848
2466 4139 4105 6248 4154 5434
1061 804 5534 4933 1702 1845
9537 1749 5041 8409 5082 137
111 306 7972 4524 9980 6208
2767 4442 9293 8713 7982 9765
4539 4751 1742 4722 9505 8500
4639 3124 4799 8226 9872 7867
1123 1816 2006 4811 5879 6538
617 9234 6283 4021 5253 9099
8875 7942 4159 7897 3481 9712
6141 2347 2822 5768 393 6951
103 4815 2243 6540 3769 1958
5338 1884 433 105 3400 8163
4202 7955 8562 2755 8096 8747
3482 518 9498 2642 5846 1563
4341 6742 9643 5087 2085 7524
5045 5355 1423 5054 4707 1064
4294 4076 5464 4325 8683 3368
8666 8770 4541 5995 3694 5525
1149 3385 4251 4074 2286 9875
7452 7461 8968 680 2198 7027
2314 251 9799 2908 5059 8045
6740 9147 3248 7497 8461 4019
3283 9156 1835 6130 3976 7076
7022 8345 3047 4118 3937 8699
3273 970 3068 1548 7601 7246
2096 3614 1878 8436 2010 8432
3568 5757 3710 6496 9255 4547
2276 3652 4924 231 791 3129
8040 1322 3485 1891 3658 3852
3980 8196 6313 1099 9635 4088
4976 5191 1545 6001 5401 4846
2141 4846 7145 3403 2561 8218
3365 526 9090 8499 1841 285
3774 3042 179 9939 3507 6279
3761 204 9956 8025 4455 3814
2118 2469 6122 9621 1519 4063
3002 6275 8250 77 8089 5944
5984 4637 8761 5266 8526 3131
4762 5481 6355 6028 7324 6593
3909 5037 1684 5266 2240 5196
4890 4115 390 3331 1284 92
2095 3743 9006 5026 5497 5565
2034 3697 4952 4234 3955 8870
7517 8494 1678 6824 3263 8974
7458 6090 5144 9529 5712 6482
2379 7735 4035 3054 5186 3974
5554 2652 3352 8669 3170 4782
4125 9735 9984 790 3993 3627
1641 9674 1082 2813 7748 3745
3518 8066 851 1415 5873 5194
4947 2566 8031 2524 2646 7761
1530 8980 8510 977 8680 1302
5517 8848 5324 6895 2698 3527
8990 6668 2096 1516 7888 6037
5400 9566 9987 289 9536 7120
3122 4138 6779 8158 3721 604
6751 1601 7089 2222 9259 5013
5117 663 994 9779 7295 8899
8421 6623 5367 7324 2425 9205
3097 3430 4678 1993 7123 3080
7773 1241 9444 1390 7855 4541
4523 7359 5126 4719 143 1097
6438 6767 7408 7083 6399 7224
5043 5620 2270 1087 1868 2913
1752 5798 1713 7573 5061 290
5925 4758 4477 4008 4448 8018
5569 3726 2808 6452 5256 9936
3773 3701 6479 4269 885 5657
1796 6013 7030 7453 6949 1503
809 6686 9372 6531 9637 2056
2827 6949 2297 4836 8794 5384
6620 2429 2319 9390 1514 2672
4416 8590 364 2334 7314 8166
6433 7482 4912 6056 5777 9047
3259 8471 7808 2974 3198 7762
8645 9038 4089 751 3625 8306
7638 8936 4907 1095 7649 8455
3337 2405 4499 4358 3037 8359
1138 8475 9372 1205 97 2155
7144 6771 1172 3250 1576 322
7575 3646 9231 4557 745 2475
8583 3665 4965 2058 4696 8377
3259 5337 9832 6456 2718 3371
4547 8901 5434 9449 1835 4723
8390 7439 8940 1934 3606 6853
7134 4387 7360 4584 3519 4003
9224 8780 1660 2023 5774 9372
3394 9079 3778 994 7945 4760
2322 687 4052 7800 8702 2674
4887 8126 1810 4507 6166 3305
3535 6649 58 8111 4924 308
1016 8675 1818 5829 7232 3937
1711 2523 3127 6062 6055 2756
945 7395 9493 4180 9611 2919
2800 9333 5685 4686 9697 5393
2192 4717 2614 8354 8488 9125
9313 5282 4155 3469 9977 9270
2941 6492 3455 115 6089 6178
9547 8824 2071 9054 3562 8771
3812 9355 7037 7138 5310 5590
4623 6330 8977 6424 3636 2515
1323 3356 4035 4002 6748 772
8600 7475 7417 222 1238 3119
9464 2685 3244 9506 5138 872
3322 3138 1154 3842 4542 9133
2087 2175 9972 8565 8845 3647
292 6517 2855 940 8791 2733
2143 5545 2075 1299 453 6087
1353 3589 8116 3918 7674 2624
2345 5117 1191 8105 3102 497
1360 7480 8813 4901 1914 4573
799 34 8629 3770 9929 4721
263 8523 3894 511 7362 9593
8796 2023 2685 5067 2489 953
1016 8169 4500 7347 6220 3728
2455 2187 3414 2357 9579 1310
3920 7241 3630 7501 499 419
7457 7583 3659 3395 3654 9150
8730 1834 7755 1597 9308 1079
7812 6293 4991 7859 3884 3745
73 3452 3814 4901 1314 7742
1306 7906 8944 2583 6591 120
5963 1294 1524 2265 7609 4906
7294 7621 4515 5349 8617 4385
5973 857 2878 2335 4544 3286
6318 6060 3357 9885 7428 7046
6604 2556 6268 5917 2089 5748
206 6146 5243 7634 5634 8014
9555 5547 8683 85 565 6263
9229 4724 4834 9428 8927 457
4863 8970 3361 5658 6265 530
6763 6078 3866 4477 5661 5053
8637 1377 5532 8767 5143 2471
9142 8338 5223 4864 2780 8997
4602 6233 5494 7094 655 2704
2211 7175 3628 5810 1053 3118
2387 4547 9881 4712 870 9555
4147 5077 9885 3629 1447 9188
730 462 9581 2363 286 589
5233 9999 6190 4363 1055 31
5035 9669 5423 1162 2265 8485
1425 2827 323 2413 6379 595
2590 4429 7467 5667 717 7702
9111 973 4785 6306 6363 192
3122 9847 6889 3039 577 1054
6928 8023 3492 9849 9676 1201
4132 2985 2812 1400 2204 8620
8864 8317 4083 8985 9773 5856
3121 9566 9282 8487 5251 82
5246 8729 3305 5231 8039 2417
1596 8385 2250 9269 5485 8356
7102 2740 4753 6266 1534 7731
4890 7711 8768 6164 7441 8046
6109 4136 74 1032 9918 1010
1771 8441 2772 3410 4602 947
7895 8901 4945 394 9803 3819
6370 9594 2831 5726 1883 7032
1103 6854 8031 1550 3596 7539
1313 9081 1287 5259 9122 3902
2343 563 8467 1239 7497 7044
5584 3692 8138 3805 8370 2633
2786 4496 7907 4949 9794 7847
5214 382 2253 3041 9929 3063
2979 221 4844 5232 2096 5521
9660 2635 9779 1042 8051 9240
5351 5131 2096 5787 142 8190
8894 7297 8484 5397 8763 9100
9632 6364 9286 3440 45 8739
1649 9301 634 5403 8259 7276
2200 351 1596 2616 4145 5734
2854 1743 6444 8667 9597 4663
5750 9426 240 4063 4146 2631
4579 7581 1457 5743 5600 5731
6234 6220 2590 1039 9393 8749
8605 9948 6871 4820 3587 9790
6594 6278 3151 2749 2543 7020
2656 964 6767 4623 7689 618
8499 7586 5155 8002 824 678
5818 6456 4751 5865 6381 7925
3143 1814 2349 7695 62 9649
7791 929 5839 449 7468 7868
9479 1829 5038 4437 3087 4635
8964 1610 8530 1971 2540 1807
3594 602 9123 6193 9002 7130
5038 729 9896 5226 9605 728
4670 4960 902 7117 6832 6759
4779 8050 117 7286 8522 8995
5639 1381 3369 115 6900 4771
9395 1172 9274 542 4101 9459
525 1598 1927 8708 5410 6739
7972 4253 2223 4309 9766 8126
3733 1846 4778 1770 7192 4490
1690 6307 2080 128 553 7621
3761 4923 3828 5125 5830 8433
1454 4128 859 1442 6592 5233
4832 6070 2639 3377 9314 4268
6771 1330 1614 5242 6381 5054
9992 7624 3979 4784 8851 7793
7379 397 1045 4306 4947 487
2911 2846 8423 3789 2854 5637
7267 2291 5254 9544 6938 1121
1850 8313 6992 7811 3356 9222
6006 8518 8541 8773 5132 8205
4454 6670 5277 3065 4063 6195
4188 525 1122 2151 465 6467
5845 2981 8476 5976 7975 4090
9800 447 686 2857 2933 537
800 9568 7040 1822 8299 6429
1946 4137 7714 217 9335 6183
360 4201 8228 9059 5356 6412
9998 9699 7848 524 1965 374
746 30 542 4450 8973 4684
7519 1596 3737 4739 2265 4495
9154 2365 2226 4693 205 6327
8753 5628 3646 2292 5615 3773
5862 741 5091 4274 2858 3234
2689 275 7602 6665 1076 8269
5887 7495 5164 3029 2697 7739
2446 5621 1936 3732 9904 2990
4186 5305 9493 1520 1771 6336
6728 8454 4414 6768 8588 8232
9593 3244 8737 503 2049 1989
6892 2489 1289 3956 8806 2709
1162 5724 2931 5907 9845 9994
1837 2129 836 2100 88 7553
3740 1169 8504 1266 9937 2621
3855 9118 8907 6932 3436 9452
9001 1943 3571 9947 6840 7415
1701 229 6499 6783 357 6046
3405 820 8608 4419 4931 6458
7395 7492 3156 1184 6762 880
3484 5625 2552 8667 101 9687
3802 4230 2288 3478 6906 7902
6422 1890 5288 3421 399 9859
1054 6956 811 2458 7861 9116
4013 9435 4187 2448 9536 5943
6296 7816 5180 2691 6462 1215
4863 3033 127 6811 2981 6127
3757 9926 3914 706 7996 3040
1169 3973 7092 3297 130 9805
69 1026 7764 3435 4654 665
5500 1353 4693 6344 7182 9089
2722 3731 5427 4073 8558 7366
9731 4242 3975 4683 8700 7934
5201 3307 1439 1146 1279 5563
8851 2998 7686 5374 2622 5436
3451 1427 8379 9462 1311 1627
1433 7412 2744 4825 7983 4265
7613 7096 5415 9726 3566 5887
5830 5385 2326 9829 8234 1347
9225 4353 74 9130 7493 4183
1402 7347 1109 9991 622 7131
8987 268 2931 2348 3250 1287
5190 375 5323 7174 3532 4182
147 9124 9431 1799 9544 7237
3110 3622 3192 7031 236 6957
1553 2302 9919 8560 3423 635
3156 7622 6474 8283 738 3298
2956 3481 2134 1038 4639 7859
6024 2051 820 5891 8982 8368
4751 9603 7803 3871 6881 7000
3938 1955 31 5973 794 947
1368 6629 6952 4687 4017 5910
7708 1863 8385 6133 8842 6062
5102 2071 8982 5333 1007 8184
6136 5661 3320 1550 3808 3820
2832 9284 741 9474 4345 8783
3266 6982 2686 1187 9670 8009
907 1336 8033 4910 8182 7118
9982 8617 760 1741 8769 4809
8017 8605 948 1847 9836 5133
7627 9817 2820 3132 1855 4733
5169 8234 7518 9602 2867 1859
3375 3915 2400 973 4426 9670
150 1226 7479 6201 1567 5190
3059 1091 514 5931 1456 5739
7835 1419 7146 7553 3560 9853
5188 7775 9481 3300 9740 9947
9599 380 5750 8901 8365 4854
2409 7043 4179 1277 1696 8610
7653 1425 8250 7630 72 764
4219 9238 6777 1778 1767 1448
4713 5821 355 2547 5784 6651
189 6850 1485 7531 6601 1187
9440 4157 2725 5659 3521 4413
1560 6557 9722 8535 9900 2134
1602 7558 7702 8717 9081 502
3169 7820 8613 4302 4187 2543
4499 9862 1258 7528 1088 4845
7124 122 4823 7062 8189 5914
8038 8559 5716 2364 218 5209
1725 6177 5921 8220 944 8226
8948 1471 7769 983 4361 8780
2574 5138 9970 181 1160 3659
3154 4032 5469 4877 1411 9778
7310 4540 9368 1787 678 521
4786 805 7602 3403 2576 8009
6622 6279 8917 3032 8579 9616
7076 6141 5760 6043 4488 3051
5944 7856 7398 2057 9210 6186
9739 6848 4766 6143 909 6404
8857 7161 792 7247 6197 3556
1178 9170 2561 1960 3559 4881
4741 121 5452 5852 7800 5270
4017 1267 51 6317 5842 2822
3123 2728 1594 1415 3663 5728
3243 478 5369 2513 4174 1417
8823 9828 9944 2203 4865 5317
490 3983 4296 2517 7315 9088
733 3886 9047 9495 2125 9642
6352 2540 1318 7970 4124 3468
1961 9762 5506 6832 8716 3081
9512 2227 5946 4034 7028 7971
5326 1813 6402 4734 5827 1858
8525 605 5413 2506 682 9776
6681 3747 8352 5726 6161 1634
99 853 5704 6475 242 5102
9810 3657 5267 1215 3004 5087
3141 6698 6857 1075 4169 312
3240 1618 6713 9459 9445 3518
8054 9454 9080 5729 151 4968
4728 3786 6066 4312 3935 6175
2267 8850 1571 1299 4923 2169
6591 7309 7600 325 9365 3983
2918 5605 9578 8040 2485 4543
4921 639 1408 2185 8421 787
6022 4080 3506 298 6487 9218
9021 8829 2763 682 8808 5318
8740 1941 6694 4543 2868 2135
5917 7728 89 5096 2811 4545
5390 6687 1300 1522 9391 3296
4767 81 429 783 5276 842
8662 6293 822 8382 1304 536
1220 2236 6797 4259 9299 544
7848 377 7770 9272 6268 692
697 925 1269 8961 4907 9799
7918 7498 9437 9466 5914 8726
4889 7957 6664 5852 5881 6574
1313 7535 6424 9553 3876 574
7747 1130 7388 756 3674 9013
5525 5494 3813 9736 86 4350
9572 9701 1385 1023 463 3805
1098 1753 6321 8071 9370 1342
3879 1996 4496 1195 7959 8732
4268 1144 7048 695 1213 3777
2411 7161 3824 424 3940 419
4913 5152 7871 2313 6279 6179
5189 289 7071 2618 8455 2123
4252 9676 1760 6045 6876 1678
4517 4329 7535 5080 5468 8941
7301 8877 8488 7608 8612 3302
9981 673 7812 5901 3157 4217
3471 1565 5716 8316 6006 7669
1660 1649 2688 4925 6442 1537
2016 6365 285 2146 5906 9610
2884 9832 9684 8929 5011 7402
7691 7581 1677 3769 2636 7781
4310 8350 6518 7543 2574 5310
5961 6200 8323 9865 3419 3819
6253 2376 2435 6951 5591 2246
3017 7835 4766 8202 3017 3324
4533 4542 6554 8313 625 8425
5991 7891 9012 4907 615 8091
5018 4473 3791 4974 6184 9706
1287 3018 6413 5864 2675 2635
4967 740 1989 9431 752 4801
3014 6108 5333 3193 3010 8031
8756 7647 5574 9897 3874 5528
4806 1345 1760 4343 1932 1117
8455 8042 1651 5060 6914 9999
6911 8668 1866 3918 3346 9885
6435 6560 7138 4211 1892 4507
2758 1824 1463 5759 6217 8536
4131 1389 9144 884 1058 1330
874 623 8807 872 976 2709
3149 7954 9193 5334 6281 4341
6164 4838 4301 5688 3462 7313
8389 594 9452 7253 1585 108
9653 2695 1825 3114 928 5525
854 6027 7609 536 3043 2723
1078 5563 5584 4429 1062 3938
5313 7423 5542 7121 9594 1379
4235 8443 7926 1830 2495 464
1877 3621 9037 8698 1218 8280
883 35 7025 3668 4479 254
6732 5628 1794 1578 4610 7899
1729 3960 9531 5514 1939 4161
4566 2532 3100 446 8879 2485
7598 9024 3532 7144 8659 9422
3685 2380 4344 7303 3545 1027
6913 1645 2944 5287 389 3966
9584 2657 3832 27 101 8534
932 6362 1681 4876 4131 8686
5180 437 1155 4540 6070 5455
6722 9587 6969 2371 7893 2229
3554 4425 414 8504 8600 294
1217 9278 2142 9134 862 6222
8652 7570 8922 4997 6211 2296
7741 8809 8248 5658 2123 3107
9871 2373 5575 7489 8565 801
6997 7212 4763 1603 6472 5675
8119 2428 7762 1386 3658 4852
6543 6046 9575 4933 5887 8499
6532 1725 3375 4672 4630 9083
3981 7896 2302 7306 8633 6227
4719 3728 713 1340 2136 3649
1458 7049 1097 3246 6877 3783
4534 6354 5150 3395 9114 6077
3532 4938 6485 7075 956 6839
7425 2324 2582 5680 7622 8576
3373 812 3794 1534 6667 9930
4139 5203 3909 5925 3474 8838
7401 3285 4847 9591 138 8275
3933 585 8782 6224 3774 3694
9742 7643 2772 3873 3914 9811
1066 5778 9427 2521 9873 6064
9989 3000 9687 5220 9256 3911
2167 7606 1463 7647 9674 7670
1991 7834 2186 4306 1746 7036
9794 7148 7038 100 1792 9024
7158 265 1288 4097 4858 7696
9410 4880 3412 8783 9602 7138
8588 8713 1328 4870 4057 6167
2230 2094 7968 5101 1881 6080
7624 6760 4031 2390 2727 2724
9025 9888 1207 663 8062 8991
2623 8069 2747 3767 8236 4794
4258 3208 8231 5048 5718 3033
5707 4923 3091 871 7869 9697
1055 2056 8383 5207 6472 8098
3664 7020 2152 687 9757 9714
5930 7924 650 2337 2247 5987
3419 8462 3858 3174 842 8673
7849 2576 1041 998 6682 7803
9633 8154 2018 1510 9607 6005
608 7415 1597 4648 103 1215
2641 3570 3450 8517 9118 7793
2382 3370 2675 7103 7451 9407
5838 7881 1213 9709 7358 3896
7057 2665